0.007979,-8192.0000,-8192.0000,-8192.0000,14188.9602
0.038011,148.5000,-629.3750,-176.0625,670.1963
0.058093,148.7500,-629.9375,-175.4375,670.6162
0.084599,148.6250,-629.6875,-175.3125,670.3210
0.108259,148.6875,-629.4375,-175.9375,670.2638
0.133539,148.2500,-629.7500,-174.8750,670.1824
0.158834,148.5000,-630.0000,-175.0000,670.5052
0.183873,147.7500,-629.4375,-174.8750,669.7782
0.211388,148.0625,-629.5625,-175.2500,670.0627
0.233465,149.0625,-629.6875,-175.8125,670.5490
0.258844,148.4375,-629.7500,-175.5000,670.3872
0.284649,148.9375,-629.8125,-174.1875,670.2145
0.309330,149.2500,-629.5000,-175.0000,670.2021
0.333292,148.3125,-629.5625,-174.9375,670.0363
0.359095,148.4375,-629.8750,-174.7500,670.3087
0.384744,148.9375,-629.4375,-173.7500,669.7485
0.409194,148.4375,-629.3750,-174.5000,669.7737
0.433429,148.5625,-630.1875,-174.3125,670.5162
0.459131,148.5000,-629.5000,-174.5625,669.9213
0.483443,149.0000,-629.9375,-173.9375,670.2809
0.508545,148.6875,-629.4375,-175.2500,670.0837
0.533655,148.4375,-628.9375,-174.6250,669.3952
0.559147,147.8750,-630.1250,-174.8750,670.4519
0.583735,148.1875,-629.4375,-175.5000,670.0383
0.608656,148.3125,-629.6250,-173.4375,669.7050
0.634374,147.5000,-629.7500,-174.8750,670.0168
0.659194,147.7500,-629.8750,-173.9375,669.9454
0.683863,148.6250,-629.7500,-173.8125,669.9890
0.712510,148.3125,-629.8750,-174.0000,670.0859
0.733586,147.7500,-629.5625,-174.1250,669.7003
0.759688,148.1875,-629.3125,-173.5625,669.4159
0.784643,148.7500,-629.7500,-173.3750,669.9034
0.809837,148.9375,-629.5000,-174.0000,669.8721
0.833622,148.8125,-629.7500,-174.5000,670.2093
0.859450,148.5625,-629.5000,-174.7500,669.9841
0.884403,149.1250,-629.9375,-173.9375,670.3087
0.908317,149.0000,-629.8750,-173.1875,670.0279
0.934917,148.0625,-629.8750,-174.7500,670.2258
0.959807,149.0000,-629.6875,-174.1250,670.0947
0.984618,148.0625,-629.3750,-174.1875,669.6093
1.010671,148.5000,-629.5000,-174.5625,669.9213
1.034763,148.8125,-629.5000,-175.2500,670.1701
1.059474,148.3750,-629.6875,-174.6875,670.1024
1.083573,149.1250,-629.8750,-173.6250,670.1690
1.108820,149.6250,-629.4375,-174.6875,670.1455
1.133796,149.0000,-629.7500,-174.3750,670.2184
1.158668,149.5625,-629.5000,-174.3125,670.0926
1.184173,149.5000,-629.8125,-173.9375,670.2748
1.209225,148.2500,-629.5000,-173.5000,669.5898
1.234716,149.6250,-630.1875,-174.5625,670.8174
1.258728,149.0625,-629.4375,-173.8750,669.8087
1.284562,148.5625,-629.9375,-174.0000,670.2000
1.309278,149.3750,-629.6250,-173.6250,669.9897
1.333468,148.9375,-629.8750,-174.1875,670.2732
1.358378,148.9375,-629.9375,-174.7500,670.4783
1.383963,149.6875,-629.6875,-174.3125,670.2966
1.408390,149.4375,-629.8125,-173.5625,670.1636
1.433719,148.8750,-629.2500,-173.9375,669.6070
1.458834,148.7500,-629.6875,-173.3750,669.8446
1.483610,148.9375,-629.9375,-174.0000,670.2832
1.508908,149.1250,-629.7500,-173.9375,670.1325
1.535008,149.8750,-629.7500,-174.8750,670.5437
1.559428,149.7500,-630.1250,-173.1875,670.4301
1.584181,149.7500,-629.0000,-173.8125,669.5348
1.610108,149.5000,-630.0625,-174.3750,670.6233
1.633718,149.6875,-629.3750,-173.4375,669.7759
1.658791,148.9375,-629.3750,-173.2500,669.5602
1.683471,149.1250,-629.6875,-173.5000,669.9603
1.708647,149.2500,-629.5625,-173.9375,669.9841
1.733733,148.8125,-629.6875,-173.7500,669.9556
1.760649,149.3125,-629.9375,-173.7500,670.3018
1.784124,149.1875,-630.0000,-173.7500,670.3327
1.809149,149.6250,-629.6250,-173.3750,669.9807
1.833804,149.5000,-630.3750,-173.9375,670.8034
1.858579,149.3750,-629.3750,-173.5000,669.7224
1.883952,148.4375,-629.6875,-174.0000,669.9373
1.908915,148.5000,-629.6250,-174.2500,669.9574
1.934045,149.0000,-630.0000,-174.3750,670.4533
1.958917,149.0000,-629.5625,-174.5625,670.0910
1.983760,149.6250,-629.8750,-173.9375,670.3614
2.009208,149.1875,-629.6875,-172.0625,669.6034
2.035667,149.6250,-629.0625,-173.8125,669.5656
2.058671,149.1250,-629.8750,-174.5625,670.4124
2.083744,149.1875,-629.7500,-173.7500,670.0978
2.108942,150.1875,-629.4375,-174.3125,670.1736
2.134287,149.3750,-629.6875,-174.1250,670.1782
2.160985,149.0625,-629.5625,-174.5000,670.0887
2.184997,149.8125,-630.0625,-174.1875,670.6443
2.210596,149.8750,-630.0000,-173.8125,670.5023
2.233970,149.1875,-629.6250,-174.0000,670.0452
2.259910,148.3750,-630.1250,-173.6250,670.2375
2.283923,149.8750,-629.8750,-173.9375,670.4172
2.309696,149.2500,-629.6250,-174.3750,670.1566
2.333868,149.0000,-629.5625,-173.0625,669.7019
2.358947,149.0625,-629.3750,-174.1875,669.8312
2.384697,149.8125,-629.2500,-173.5625,669.7188
2.409721,149.1250,-629.6250,-173.5000,669.9016
2.435700,148.8125,-629.7500,-174.1875,670.1280
2.460127,149.6250,-629.3125,-174.3750,669.9466
2.484609,149.1250,-629.3750,-174.1250,669.8288
2.510570,149.0000,-629.5625,-174.1250,669.9772
2.534155,149.5000,-629.7500,-173.8125,670.1836
2.560040,149.5000,-629.7500,-173.1875,670.0218
2.585115,149.3125,-629.8750,-174.3125,670.3891
2.610296,149.7500,-629.4375,-173.3750,669.8325
2.634891,149.0625,-629.5000,-174.3125,669.9811
2.659793,149.3750,-629.5000,-173.3750,669.8075
2.686006,149.1250,-629.6250,-173.1875,669.8207
2.709337,148.5625,-629.5625,-174.3125,669.9288
2.734766,148.5000,-629.2500,-174.2500,669.6050
2.760932,149.0625,-629.6875,-173.2500,669.8817
2.784872,148.3750,-629.6875,-174.5625,670.0698
2.809755,149.4375,-629.0625,-173.7500,669.5075
2.835244,149.0000,-629.5625,-173.8125,669.8961
2.860678,148.8125,-629.7500,-173.8750,670.0468
2.884527,149.5000,-629.4375,-175.1250,670.2317
2.909495,149.4375,-629.4375,-173.5625,669.8112
2.934747,149.1250,-629.7500,-173.5000,670.0191
2.959860,149.4375,-629.8125,-173.7500,670.2122
2.984396,149.0000,-629.8750,-174.1250,670.2709
3.009949,149.5000,-629.5000,-173.5000,669.8677
3.035035,149.4375,-629.1875,-173.0000,669.4307
3.060881,148.5625,-629.8750,-174.3125,670.2225
3.085534,149.9375,-629.8750,-173.2500,670.2532
3.111096,149.5625,-629.1250,-174.3125,669.7403
3.134540,149.8125,-629.5000,-173.8750,670.0347
3.161035,149.6875,-629.8750,-172.6875,670.0521
3.186374,149.1875,-629.6875,-173.2500,669.9096
3.209886,148.9375,-629.3750,-173.0000,669.4955
3.239528,150.0625,-629.8750,-173.4375,670.3296
3.260129,148.3750,-629.1875,-173.6250,669.3562
3.285401,150.1250,-629.5625,-173.1875,669.9853
3.309315,149.3125,-629.1875,-174.9375,669.9062
3.334486,149.8125,-629.6875,-173.4375,670.0975
3.360252,150.3125,-630.1875,-173.4375,670.6793
3.384354,149.2500,-629.8125,-173.9375,670.2191
3.410034,148.6250,-629.2500,-172.8750,669.2763
3.436658,149.5000,-630.0000,-173.6250,670.3700
3.459341,149.2500,-629.6875,-173.1875,669.9073
3.484603,149.4375,-629.4375,-173.2500,669.7303
3.509681,149.8125,-629.6875,-173.4375,670.0975
3.535844,150.3750,-629.9375,-172.8750,670.3131
3.559677,149.6250,-629.7500,-173.5000,670.1305
3.584758,149.0000,-629.4375,-174.1250,669.8597
3.610275,149.6250,-629.3125,-174.1250,669.8816
3.635007,149.8750,-629.8125,-173.9375,670.3585
3.660029,148.7500,-629.4375,-174.2500,669.8367
3.686049,149.1875,-630.2500,-173.2500,670.4383
3.710117,148.8750,-629.6250,-174.2500,670.0406
3.736041,149.6875,-629.8125,-174.0000,670.3329
3.760862,150.0625,-629.1875,-173.7500,669.7647
3.784475,149.5000,-629.5625,-173.0625,669.8133
3.810709,149.6250,-629.4375,-173.8125,669.9179
3.835618,150.3125,-629.3125,-173.8750,669.9706
3.859538,149.3750,-629.8750,-173.3750,670.1599
3.884794,149.9375,-628.8125,-172.5000,669.0610
3.910266,149.2500,-629.4375,-172.7500,669.5593
3.935431,150.4375,-630.2500,-173.1250,670.6853
3.959872,150.1875,-629.5625,-172.8125,669.9025
3.984657,149.6875,-629.2500,-173.4375,669.6585
4.011136,149.9375,-629.1875,-173.0000,669.5425
4.035399,148.9375,-629.5625,-173.7500,669.8659
4.060410,150.2500,-629.9375,-172.7500,670.2528
4.085274,149.0625,-629.4375,-173.7500,669.7763
4.110291,149.3125,-629.8125,-173.0000,669.9903
4.135793,149.8125,-630.0000,-173.2500,670.3427
4.160100,149.1875,-629.9375,-172.8125,670.0316
4.185271,148.8750,-629.5000,-173.3750,669.6961
4.210041,149.2500,-629.9375,-173.0625,670.1100
4.234724,150.1250,-629.8125,-173.6250,670.3335
4.260272,150.1250,-629.4375,-173.5000,669.9488
4.285408,149.4375,-629.1875,-173.1250,669.4630
4.309537,150.0000,-629.6875,-173.0625,670.0425
4.334869,150.1875,-629.6250,-173.2500,670.0742
4.360611,149.5000,-629.8125,-173.0625,670.0483
4.384934,149.5625,-629.5625,-174.0000,670.0701
4.409447,149.8125,-629.3125,-172.5000,669.5030
4.434915,150.1250,-629.5625,-172.6250,669.8402
4.461097,149.5000,-629.5000,-172.8750,669.7061
4.485405,150.0000,-629.1250,-172.3125,669.3204
4.509528,149.7500,-629.8750,-173.6250,670.3083
4.534756,149.6250,-629.7500,-174.6875,670.4390
4.560727,149.6250,-629.5000,-172.7500,669.7018
4.584626,150.4375,-629.7500,-172.2500,669.9900
4.609381,149.5000,-629.5000,-172.8750,669.7061
4.634801,150.1875,-629.1250,-173.8750,669.7664
4.660352,149.7500,-629.8750,-172.8750,670.1144
4.685099,150.1250,-629.3125,-172.7500,669.6374
4.709734,149.6250,-629.3125,-172.6250,669.4933
4.735152,149.3125,-629.2500,-173.1250,669.4939
4.762265,149.5625,-629.5625,-173.4375,669.9242
4.784946,150.1875,-629.7500,-172.3750,669.9660
4.810261,149.8750,-629.4375,-173.0625,669.7796
4.835719,150.4375,-629.8125,-173.0000,670.2419
4.860729,149.7500,-629.5000,-172.0000,669.5366
4.885827,149.7500,-628.8750,-173.3750,669.3039
4.912165,149.5000,-629.5625,-172.6250,669.7004
4.934997,149.8750,-629.6875,-172.8750,669.9661
4.960707,151.0625,-629.3750,-173.7500,670.1655
4.985739,150.0625,-629.0625,-174.1875,669.7609
5.010876,150.6250,-629.3750,-172.7500,669.8084
5.034851,150.4375,-630.0625,-171.6250,670.1234
5.061391,149.5000,-629.7500,-173.3750,670.0703
5.086414,149.6875,-629.4375,-172.8125,669.6731
5.109726,150.0000,-629.9375,-173.0625,670.2775
5.135074,150.0625,-629.1875,-172.0625,669.3289
5.160229,149.3125,-629.4375,-173.0000,669.6378
5.185108,150.0625,-629.5625,-172.8125,669.8745
5.210568,149.6250,-629.5625,-172.8750,669.7928
5.235911,149.8125,-629.4375,-172.5000,669.6205
5.260991,151.1250,-629.5000,-172.4375,669.9580
5.285208,149.3750,-629.6875,-173.1875,669.9352
5.310063,149.1250,-629.4375,-172.1250,669.3705
5.336163,149.1875,-629.8125,-173.4375,670.0756
5.359812,150.1250,-629.6250,-173.8125,670.2059
5.385670,150.1875,-629.4375,-173.1250,669.8657
5.410657,149.8750,-629.4375,-172.3125,669.5862
5.436473,150.8750,-629.4375,-173.1875,670.0364
5.459785,149.8125,-629.3125,-172.6875,669.5513
5.485155,148.7500,-629.6875,-172.1250,669.5222
5.510076,150.4375,-629.3125,-172.2500,669.5788
5.535635,149.8125,-629.1250,-172.0625,669.2141
5.560815,150.1250,-629.3750,-172.0000,669.5031
5.587834,150.0000,-629.5000,-172.3125,669.6729
5.615231,150.0625,-629.3750,-172.0625,669.5052
5.639761,149.8750,-629.5000,-174.2500,670.1461
5.660374,150.5625,-629.6875,-172.6875,670.0719
5.686789,150.0625,-629.3750,-172.0625,669.5052
5.710155,150.2500,-629.2500,-172.3125,669.4940
5.735491,150.7500,-630.1250,-173.1875,670.6541
5.760852,150.4375,-629.0625,-172.3750,669.3760
5.785466,150.0000,-629.5000,-172.8750,669.8179
5.811162,150.2500,-629.0000,-173.9375,669.6793
5.835600,150.3750,-629.3125,-174.2500,670.0820
5.860507,150.6875,-630.0000,-173.1250,670.5065
5.885040,150.3750,-628.9375,-172.8750,669.3734
5.910027,150.3750,-629.4375,-172.8750,669.8432
5.935815,149.4375,-629.3750,-172.0625,669.3653
5.960912,149.8750,-629.6250,-172.7500,669.8752
5.985353,150.1250,-629.6250,-173.0625,670.0118
6.010248,150.6250,-629.1250,-172.3125,669.4608
6.036186,149.8750,-629.5625,-173.1875,669.9294
6.061910,150.3125,-629.8750,-173.2500,670.3372
6.085719,149.8750,-629.6875,-173.0625,670.0145
6.111617,149.8125,-629.8125,-172.3750,669.9408
6.135507,150.4375,-629.3750,-172.8125,669.7824
6.160236,150.3750,-629.2500,-172.7500,669.6348
6.185544,149.9375,-629.5000,-172.5000,669.7072
6.211139,149.6250,-629.4375,-172.7500,669.6430
6.235489,150.0625,-629.1250,-173.2500,669.5764
6.260511,150.3750,-629.8125,-171.4375,669.8263
6.285598,150.0625,-629.4375,-172.3750,669.6443
6.310297,150.8750,-629.5625,-173.1875,670.1538
6.336463,150.6250,-629.0625,-172.6250,669.4826
6.360742,150.0625,-629.5000,-173.5625,670.0097
6.385344,150.3125,-629.6250,-171.6250,669.6840
6.411370,150.3125,-629.8125,-172.6875,670.1333
6.435497,150.8125,-629.5000,-172.8125,669.9842
6.460401,150.0000,-630.0625,-172.8750,670.3466
6.485537,149.3750,-629.1875,-172.4375,669.2716
6.510662,150.6250,-629.7500,-172.7500,670.1608
6.535382,150.3750,-629.1875,-172.3125,669.4633
6.560734,150.5000,-630.0000,-172.7500,670.3677
6.586191,150.7500,-629.9375,-172.1250,670.2043
6.610388,150.5625,-629.0000,-173.4375,669.6198
6.635818,149.0625,-629.5000,-172.2500,669.4475
6.661640,150.2500,-629.9375,-172.6250,670.2206
6.686030,149.9375,-629.6875,-174.0000,670.2713
6.711105,149.7500,-629.4375,-171.4375,669.3336
6.736433,150.1875,-629.7500,-172.0625,669.8857
6.761207,150.3125,-629.0625,-171.9375,669.2354
6.785847,149.6875,-629.6875,-172.5000,669.8275
6.813239,150.1250,-629.6250,-172.4375,669.8506
6.835771,150.4375,-629.7500,-173.2500,670.2478
6.861273,149.4375,-630.0625,-172.5000,670.1243
6.886244,150.1250,-629.3125,-172.3125,669.5247
6.910750,149.3125,-629.2500,-172.2500,669.2681
6.935766,150.4375,-629.8125,-172.6875,670.1613
6.962023,149.9375,-629.4375,-172.2500,669.5841
6.986098,151.3750,-629.6875,-172.7500,670.2711
7.010477,150.6875,-630.1875,-172.6875,670.5699
7.036678,150.5625,-629.7500,-172.5000,670.0824
7.060832,150.9375,-629.4375,-172.8125,669.9536
7.085653,150.5000,-629.0625,-173.6250,669.7130
7.111056,150.6875,-629.6250,-172.8125,670.0735
7.135610,150.0625,-629.7500,-171.9375,669.8256
7.160657,149.9375,-629.3125,-172.0625,669.4184
7.186137,150.6250,-629.6875,-171.6875,669.8290
7.211399,150.5000,-628.7500,-173.0625,669.2738
7.235524,150.1250,-629.5625,-172.1250,669.7115
7.260704,151.1250,-629.4375,-171.2500,669.5946
7.286285,151.1250,-629.6250,-172.4375,670.0754
7.311519,150.8750,-630.3125,-173.8125,671.0200
7.335884,150.8125,-629.3125,-172.0625,669.6149
7.361005,151.0000,-629.5625,-172.1250,669.9082
7.386819,150.8125,-629.1875,-173.1250,669.7713
7.411261,151.5000,-630.0625,-172.7500,670.6516
7.435957,151.5625,-628.8125,-171.9375,669.2823
7.461937,150.5000,-629.5625,-171.5625,669.6513
7.485807,151.0000,-629.3750,-172.3125,669.7802
7.510728,151.0000,-629.3750,-171.5625,669.5876
7.535980,150.2500,-629.5000,-172.1250,669.6808
7.561129,150.6250,-629.3125,-172.3125,669.6370
7.585566,150.8125,-629.4375,-171.8125,669.6682
7.611076,150.3750,-630.0625,-171.5625,670.0933
7.635703,150.6875,-629.3750,-172.3750,669.7259
7.660920,150.0000,-630.0000,-172.8750,670.2878
7.686013,150.1250,-629.8750,-171.6875,669.8930
7.710979,150.7500,-629.3125,-172.1250,669.6169
7.736014,150.1250,-629.7500,-172.6250,670.0164
7.760998,150.6250,-629.3125,-172.0000,669.5567
7.785853,150.4375,-629.4375,-172.0625,669.6481
7.811787,150.8125,-629.9375,-172.6875,670.3631
7.836384,150.6250,-629.6250,-172.1250,669.8825
7.860831,150.6250,-629.3750,-173.1875,669.9214
7.886568,149.3125,-629.3125,-172.0625,669.2787
7.910907,150.0000,-629.0000,-172.0000,669.1226
7.935826,149.5625,-629.5000,-172.0625,669.5108
7.961006,150.3750,-629.7500,-172.0000,669.9117
7.985528,150.6875,-629.0000,-172.3750,669.3735
8.010932,150.6250,-629.1250,-172.7500,669.5735
8.035974,150.8750,-629.0000,-171.1250,669.0949
8.062535,150.7500,-629.6875,-173.1875,670.2431
8.085960,150.3125,-629.3750,-173.1250,669.8351
8.111634,150.0625,-629.8125,-172.2500,669.9646
8.136433,150.4375,-629.6875,-171.9375,669.8509
8.161800,150.6250,-629.8750,-172.6250,670.2461
8.185864,150.6250,-629.3750,-172.1250,669.6475
8.212299,150.0625,-629.8125,-171.9375,669.8844
8.236039,150.0625,-629.3750,-172.8125,669.6983
8.260885,150.8125,-629.7500,-172.5000,670.1386
8.286174,150.8125,-629.4375,-171.6250,669.6201
8.310535,150.3125,-629.5000,-172.8125,669.8718
8.335998,150.3750,-628.6875,-171.8750,668.8809
8.361403,150.5625,-629.7500,-171.3125,669.7777
8.385962,150.8750,-629.3750,-172.4375,669.7842
8.410962,150.3750,-629.1875,-172.4375,669.4955
8.435991,150.7500,-629.2500,-171.2500,669.3338
8.461237,150.1875,-629.6875,-171.9375,669.7948
8.486039,150.2500,-629.3750,-172.3125,669.6115
8.511454,150.3125,-629.3750,-173.0000,669.8028
8.536681,149.7500,-628.9375,-171.5625,668.8955
8.560849,150.5625,-629.1875,-172.5000,669.5538
8.586211,150.6250,-628.9375,-173.0625,669.4781
8.611750,150.3125,-629.5625,-172.0625,669.7375
8.635817,150.4375,-630.0000,-171.1875,669.9527
8.661103,150.3125,-629.3750,-171.6250,669.4489
8.686436,150.0000,-629.1250,-172.6250,669.4010
8.711799,150.9375,-629.5000,-172.5000,669.9318
8.736225,151.1250,-629.5625,-171.5625,669.7921
8.762349,150.9375,-629.6875,-171.5000,669.8513
8.786887,150.6875,-629.6250,-171.8125,669.8163
8.812889,149.8125,-629.6875,-172.5000,669.8555
8.837091,150.7500,-629.2500,-172.3125,669.6064
8.861629,150.3125,-629.5625,-172.0625,669.7375
8.885961,150.3750,-629.5625,-172.3125,669.8158
8.911331,150.8125,-629.5625,-172.8125,670.0429
8.936422,150.0625,-628.8125,-172.0625,668.9764
8.960804,151.0000,-629.2500,-171.4375,669.4381
8.986440,150.3125,-629.3125,-172.6875,669.6634
9.011644,150.6250,-629.8125,-172.0000,670.0266
9.035803,151.0625,-629.5625,-171.8125,669.8420
9.061199,150.3750,-629.1875,-171.6875,669.3027
9.086330,150.6250,-629.2500,-171.5625,669.3856
9.111164,151.1250,-629.3750,-172.3125,669.8084
9.136680,151.4375,-629.3750,-171.3125,669.6224
9.162233,151.1250,-629.5000,-172.0000,669.8455
9.186054,151.0625,-629.6250,-172.8125,670.1580
9.211548,150.8125,-628.4375,-171.5000,668.6482
9.237681,150.3750,-629.3750,-171.8750,669.5271
9.261755,149.8125,-629.0625,-171.6250,669.0430
9.286184,151.0000,-629.1875,-171.2500,669.3314
9.312705,150.3125,-629.5625,-171.9375,669.7054
9.336399,150.0625,-629.5000,-171.9375,669.5906
9.361230,151.3125,-629.9375,-171.5000,670.1709
9.386380,150.2500,-629.4375,-170.9375,669.3178
9.410925,151.0625,-629.8125,-171.3125,669.9490
9.436372,151.0625,-629.4375,-172.0625,669.7887
9.461707,151.0625,-629.5000,-171.3125,669.6552
9.486099,150.8125,-629.6250,-172.3750,669.9889
9.511265,151.0000,-629.0000,-172.4375,669.4600
9.536403,150.4375,-629.4375,-171.6250,669.5358
9.561235,151.0625,-629.3750,-173.0000,669.9715
9.586699,151.0000,-629.5625,-171.6875,669.7959
9.611986,150.9375,-629.5625,-171.5000,669.7338
9.636964,150.1250,-629.1875,-172.4375,669.4394
9.661348,150.2500,-629.1875,-171.5625,669.2426
9.686641,150.3750,-629.0625,-171.6875,669.1852
9.712257,150.9375,-629.1875,-172.5000,669.6382
9.736518,150.1250,-629.3750,-172.6250,669.6639
9.761637,149.9375,-629.4375,-171.8125,669.4717
9.787286,150.4375,-629.1250,-171.8125,669.2901
9.812449,150.2500,-629.5000,-171.8750,669.6166
9.836880,150.5000,-629.2500,-171.6875,669.3896
9.862484,151.8125,-629.2500,-172.3750,669.8625
9.886416,150.6875,-629.1250,-172.5000,669.5231
9.911423,151.1250,-629.2500,-171.4375,669.4663
9.936608,151.4375,-629.8750,-171.9375,670.2524
9.961216,150.5625,-629.3125,-172.5000,669.6712
9.986423,151.7500,-629.6250,-172.4375,670.2167
10.011885,151.0000,-628.8750,-172.3125,669.3104
10.036233,150.6875,-629.3750,-171.8125,669.5813
10.061452,151.3750,-629.5625,-172.7500,670.1536
10.086930,150.6250,-629.5625,-171.2500,669.5994
10.112582,151.6250,-629.5000,-171.5625,669.8463
10.136819,150.8750,-629.4375,-171.5625,669.6182
10.161689,149.6250,-629.7500,-170.8125,669.4398
10.187884,150.4375,-629.3750,-171.9375,669.5572
10.211757,150.7500,-629.4375,-172.0000,669.7023
10.236749,151.5000,-629.2500,-172.3125,669.7756
10.261824,150.8125,-629.3750,-171.9375,669.6415
10.286361,150.8125,-629.1875,-172.2500,669.5457
10.311478,150.8125,-629.4375,-171.1875,669.5081
10.336642,151.6875,-629.6250,-171.9375,670.0741
10.361244,151.2500,-629.4375,-172.3125,669.8953
10.386535,150.8750,-629.3125,-172.1250,669.6451
10.411638,150.5625,-629.3125,-171.6250,669.4464
10.436450,152.0000,-629.5000,-172.6250,670.2042
10.461467,150.5625,-629.5625,-172.5000,669.9062
10.487690,151.1250,-629.4375,-172.0000,669.7868
10.511672,151.2500,-629.1250,-171.2500,669.3291
10.536705,151.3125,-629.6875,-171.5000,669.9359
10.563308,150.4375,-629.0625,-171.9375,669.2635
10.586729,150.3125,-629.3125,-171.6250,669.3902
10.611858,150.6875,-629.2500,-172.5000,669.6406
10.637298,151.8125,-630.1250,-171.0625,670.3484
10.661519,151.3750,-629.5625,-172.6250,670.1214
10.686298,150.5000,-629.5000,-172.8750,669.9300
10.711845,150.4375,-629.2500,-172.5000,669.5844
10.736591,151.5000,-629.5625,-172.4375,670.1014
10.762103,151.1250,-629.3125,-172.3125,669.7496
10.786459,150.4375,-629.0000,-172.2500,669.2851
10.811711,151.3125,-629.2500,-171.6250,669.5567
10.837407,151.4375,-629.3750,-173.0000,670.0561
10.862653,151.0000,-629.1250,-172.4375,669.5774
10.887239,151.7500,-629.0625,-172.4375,669.6883
10.912992,150.3750,-629.1250,-172.0000,669.3242
10.937854,150.8125,-629.8750,-171.5000,669.9994
10.962249,151.0625,-629.5000,-171.1875,669.6232
10.988532,151.6875,-629.1875,-172.0625,669.6951
11.012371,151.1875,-628.7500,-171.8125,669.1067
11.036826,151.5000,-629.6875,-171.6875,670.0263
11.061524,150.8750,-629.6250,-172.4375,670.0191
11.087197,151.2500,-629.7500,-172.6250,670.2694
11.111602,151.5625,-629.3750,-172.6875,670.0038
11.136959,150.7500,-629.4375,-171.4375,669.5580
11.162701,151.0000,-629.6250,-172.0000,669.9348
11.187680,151.0000,-628.8750,-172.1250,669.2621
11.212475,150.9375,-630.1250,-172.0625,670.4067
11.237124,151.7500,-629.5625,-172.4375,670.1580
11.262444,150.5625,-629.5625,-171.5000,669.6494
11.287179,151.8750,-629.5000,-173.0625,670.2887
11.315341,151.1875,-629.5000,-171.9375,669.8436
11.339423,151.4375,-629.4375,-171.0625,669.6173
11.363128,151.1250,-630.0000,-171.1250,670.0914
11.388084,151.5625,-629.0000,-172.5000,669.6032
11.413150,151.5000,-629.1250,-171.6875,669.4977
11.438261,151.3125,-629.6875,-171.0625,669.8240
11.461830,151.3125,-629.6250,-171.8125,669.9572
11.487013,150.6250,-629.6250,-171.5625,669.7382
11.513619,151.5625,-629.2500,-171.0625,669.4693
11.536728,150.5625,-629.6250,-172.5000,669.9649
11.562052,151.4375,-629.7500,-172.2500,670.2152
11.586820,150.8125,-629.0625,-171.8125,669.3158
11.613448,151.4375,-628.8125,-172.0625,669.2862
11.637528,152.0000,-629.4375,-171.4375,669.8406
11.662182,151.3125,-629.4375,-172.3750,669.9255
11.687264,151.6250,-629.4375,-172.0000,669.8998
11.713071,150.6875,-629.4375,-171.6250,669.5920
11.737657,150.7500,-629.6250,-171.4375,669.7343
11.762601,150.7500,-629.3750,-172.7500,669.8366
11.792779,150.6250,-629.0000,-171.1250,669.0386
11.813438,150.5625,-629.3750,-171.3125,669.4251
11.838074,151.1875,-629.3750,-171.1875,669.5340
11.862308,151.5625,-629.6250,-170.8750,669.7739
11.887725,151.1250,-629.3750,-171.1250,669.5039
11.914909,150.5625,-629.5000,-171.1875,669.5106
11.937705,150.7500,-629.5000,-171.1250,669.5368
11.963556,151.8125,-629.5000,-171.9375,669.9849
11.989391,150.5625,-628.8125,-170.7500,668.7524
12.012981,150.5000,-629.6250,-173.0625,670.0959
12.038615,150.9375,-629.5000,-171.1875,669.5951
12.064153,150.8750,-629.1250,-171.1250,669.2124
12.088421,151.3125,-629.3750,-171.1875,669.5622
12.113096,152.3750,-629.6875,-172.6250,670.4654
12.138734,151.0000,-630.5000,-171.6875,670.6772
12.164452,150.6875,-629.1250,-171.9375,669.3784
12.188381,150.8750,-629.8125,-172.3125,670.1632
12.213152,151.1875,-629.4375,-171.8125,669.7528
12.238819,150.5000,-629.3125,-171.4375,669.3843
12.265071,151.1250,-628.7500,-171.8750,669.1086
12.288566,150.5625,-629.1250,-171.3125,669.1900
12.313339,151.6250,-629.5000,-171.6875,669.8783
12.337922,151.1250,-629.3125,-172.4375,669.7818
12.363756,151.1250,-629.5625,-171.5625,669.7921
12.388196,151.2500,-629.1250,-171.1250,669.2971
12.413295,150.8750,-629.4375,-170.9375,669.4583
12.438432,151.1875,-629.5000,-170.8750,669.5716
12.463374,152.0625,-628.8750,-172.0625,669.4866
12.488568,151.2500,-629.0000,-172.1250,669.4360
12.514028,151.7500,-629.3125,-171.5625,669.6984
12.539018,150.6250,-628.9375,-172.1250,669.2363
12.563520,151.6875,-629.3125,-171.6250,669.7003
12.588771,151.2500,-629.0625,-170.3750,669.0470
12.614560,151.2500,-629.3125,-170.8125,669.3935
12.639541,150.6875,-629.1250,-171.1875,669.1862
12.663428,151.1250,-629.1875,-172.0000,669.5518
12.688870,150.8125,-629.3125,-170.8750,669.3108
12.714482,151.5000,-629.1250,-170.6875,669.2419
12.738440,151.6250,-629.2500,-171.6875,669.6434
12.763452,151.5625,-629.3750,-171.0625,669.5868
12.789218,151.5625,-629.1875,-170.1250,669.1716
12.814695,151.1250,-629.5000,-172.4375,669.9580
12.838355,151.5625,-629.5625,-171.8125,669.9550
12.864494,152.3125,-629.1875,-170.1250,669.3419
12.889161,151.7500,-629.0625,-170.5000,669.1920
12.913585,151.9375,-629.3125,-171.9375,669.8371
12.938780,150.6250,-629.0000,-171.2500,669.0706
12.964156,151.0625,-629.3125,-170.8750,669.3671
12.989003,151.0625,-629.3125,-172.6875,669.8321
13.014294,151.1875,-629.5000,-171.9375,669.8436
13.039650,151.3750,-629.6875,-170.9375,669.8062
13.064392,151.1250,-628.7500,-171.4375,668.9964
13.090462,150.9375,-629.0000,-170.7500,669.0132
13.115046,151.4375,-629.1250,-171.9375,669.5477
13.138396,152.0625,-629.6250,-171.5000,670.0469
13.163754,151.4375,-628.8125,-170.7500,668.9500
13.189269,152.0000,-628.7500,-171.1250,669.1146
13.213730,150.5000,-629.6250,-170.9375,669.5502
13.238285,151.6250,-630.0000,-171.6875,670.3482
13.263996,151.3125,-630.0000,-170.8750,670.0700
13.288481,151.4375,-629.0625,-170.8750,669.2169
13.313973,152.0625,-629.5625,-171.0625,669.8763
13.339567,151.7500,-629.5625,-171.1250,669.8214
13.364006,151.9375,-629.6875,-171.0625,669.9655
13.388501,151.1250,-629.3125,-170.6875,669.3334
13.413866,151.6875,-629.3125,-171.8125,669.7484
13.440047,150.7500,-629.1875,-171.1250,669.2430
13.463648,151.3125,-629.3125,-171.1875,669.5034
13.488678,151.5000,-629.2500,-171.5625,669.5831
13.513995,151.3750,-629.3750,-170.1875,669.3213
13.539117,151.1250,-629.0625,-171.2500,669.2421
13.563934,150.6875,-629.3750,-171.8125,669.5813
13.589023,151.3750,-629.1875,-171.1250,669.3841
13.613986,151.6250,-629.3750,-171.2500,669.6489
13.639185,151.3750,-629.8750,-170.8125,669.9506
13.663712,150.6250,-629.3750,-170.8125,669.3114
13.689764,151.1250,-628.9375,-170.6875,668.9808
13.714273,151.8750,-629.5000,-171.2500,669.8230
13.739350,151.5000,-629.6875,-170.8125,669.8026
13.764881,151.6875,-628.9375,-171.5000,669.3159
13.788900,151.5625,-628.8750,-170.5625,668.9892
13.814334,151.4375,-629.0000,-170.1250,668.9670
13.839978,151.5625,-629.0000,-171.3125,669.2983
13.863633,151.2500,-629.1250,-171.4375,669.3771
13.888809,152.3125,-629.0000,-171.1875,669.4365
13.913669,151.7500,-629.5000,-170.9375,669.7148
13.940604,151.6250,-629.2500,-171.2500,669.5314
13.963814,151.2500,-629.6875,-171.4375,669.9058
13.989072,150.8750,-629.1250,-171.2500,669.2444
14.014959,151.1875,-629.1250,-171.5000,669.3789
14.039970,150.7500,-629.0625,-171.4375,669.2055
14.063888,150.2500,-628.6875,-171.8750,668.8528
14.090033,151.3750,-628.5000,-170.9375,668.6900
14.115676,151.5000,-629.7500,-172.1250,670.1972
14.140021,151.2500,-629.1875,-171.4375,669.4358
14.165702,150.5625,-629.1250,-171.8125,669.3182
14.190352,151.5000,-629.0000,-171.1250,669.2361
14.216009,151.6250,-629.6875,-170.8125,669.8309
14.240957,151.1250,-629.2500,-170.5000,669.2269
14.267169,151.1875,-629.1250,-171.1875,669.2990
14.290162,151.3750,-629.1250,-170.3750,669.1340
14.316600,151.3125,-629.3125,-170.8750,669.4236
14.340683,152.4375,-629.2500,-171.1875,669.6999
14.365030,150.6875,-629.3125,-171.3125,669.3944
14.390395,151.8125,-628.9375,-171.5000,669.3442
14.414709,151.2500,-629.1250,-171.1250,669.2971
14.440155,150.3750,-629.1250,-171.1250,669.0999
14.465629,151.8750,-628.3750,-171.8750,668.9261
14.490187,151.5000,-629.1250,-170.9375,669.3057
14.514995,152.1875,-629.3125,-171.1875,669.7017
14.540522,151.7500,-629.4375,-171.8750,669.8960
14.565890,151.0000,-629.0000,-170.6875,669.0114
14.589902,150.6875,-629.3125,-171.0625,669.3305
14.615033,151.1250,-629.3125,-171.1250,669.4451
14.640101,151.2500,-628.8750,-170.0625,668.7911
14.665593,151.5000,-629.6875,-171.1250,669.8824
14.690130,151.8125,-629.1875,-170.7500,669.3874
14.715656,152.5625,-629.8125,-171.3125,670.2888
14.740965,151.0000,-629.3750,-171.2500,669.5076
14.765403,151.4375,-629.6250,-170.8750,669.7456
14.789968,151.6250,-629.2500,-170.6875,669.3877
14.815658,152.1875,-628.7500,-171.1875,669.1732
14.841014,150.9375,-629.1250,-171.0625,669.2106
14.865318,151.1875,-629.6875,-170.8750,669.7479
14.890732,151.4375,-629.1875,-171.5000,669.4942
14.915677,151.3750,-628.8125,-171.1250,669.0316
14.940420,151.5625,-629.1250,-172.0625,669.6081
14.966046,151.1875,-628.8125,-171.0625,668.9732
14.991691,151.8750,-628.8750,-170.6875,669.0919
15.015629,152.0000,-629.1250,-171.1250,669.4670
15.040725,150.7500,-629.5000,-170.3750,669.3455
15.065728,150.9375,-629.3125,-171.3125,669.4508
15.090828,151.0625,-629.2500,-171.6250,669.5002
15.115096,152.2500,-629.1875,-171.2500,669.6145
15.140735,152.1250,-629.5625,-171.5625,670.0184
15.166079,151.5625,-630.3125,-171.0625,670.4681
15.190315,150.6875,-629.2500,-171.0625,669.2717
15.215284,150.8125,-629.3125,-171.6250,669.5026
15.241296,151.2500,-629.2500,-171.2500,669.4466
15.265534,151.5625,-629.5000,-171.8125,669.8962
15.290194,151.2500,-629.0625,-171.2500,669.2703
15.315179,151.5000,-629.3125,-170.8125,669.4501
15.340684,151.3750,-629.6250,-171.2500,669.8273
15.365315,151.6875,-629.6875,-171.5000,670.0207
15.391114,151.6250,-628.9375,-171.4375,669.2857
15.416426,151.1875,-629.5000,-171.5000,669.7314
15.440479,150.8750,-628.8750,-171.5625,669.0895
15.465256,151.1875,-630.0000,-171.1875,670.1215
15.491657,151.5625,-629.1875,-170.5625,669.2830
15.515633,150.9375,-628.8750,-170.8750,668.9276
15.540379,151.5000,-629.1875,-171.2500,669.4443
15.565437,150.8750,-629.5000,-170.9375,669.5171
15.591422,152.0625,-629.1250,-170.4375,669.3058
15.617356,151.6875,-628.8125,-171.5000,669.1984
15.640429,150.9375,-629.1250,-171.8125,669.4027
15.666018,151.1875,-629.3750,-171.5000,669.6139
15.690760,152.0000,-629.3750,-171.5625,669.8138
15.715587,151.8750,-629.0625,-171.6875,669.5239
15.741114,151.6875,-629.3125,-171.5000,669.6683
15.766628,151.4375,-629.5625,-171.3125,669.7986
15.795852,151.6250,-629.4375,-171.2500,669.7076
15.819745,151.7500,-629.1875,-171.2500,669.5010
15.844164,151.3750,-629.0625,-170.9375,669.2187
15.869627,151.1250,-628.5625,-170.9375,668.6922
15.895040,152.0000,-629.1875,-170.8125,669.4459
15.919177,152.3125,-629.8125,-171.5000,670.2799
15.944526,152.1250,-629.2500,-170.1875,669.3739
15.970587,150.8125,-629.4375,-170.5625,669.3486
15.995797,151.5000,-629.3750,-171.5625,669.7006
16.020202,152.3750,-628.9375,-171.1250,669.3760
16.046123,151.2500,-629.0000,-171.6875,669.3237
16.069472,152.0000,-629.2500,-171.4375,669.6644
16.093991,151.3750,-629.0000,-171.4375,669.2878
16.119621,151.1875,-629.5625,-171.9375,669.9023
16.144563,151.0000,-629.2500,-170.3750,669.1668
16.168880,152.1875,-629.2500,-171.8125,669.8031
16.194123,151.7500,-629.6250,-170.8125,669.8004
16.219979,152.1250,-629.3750,-171.8750,669.9223
16.243803,151.5625,-629.0000,-172.2500,669.5388
16.269063,151.3750,-629.3750,-171.5625,669.6723
16.294176,152.3750,-629.1875,-169.9375,669.3085
16.319770,151.1250,-629.1250,-171.5625,669.3809
16.343914,151.7500,-628.8125,-170.9375,669.0686
16.369187,150.8750,-629.4375,-170.5000,669.3468
16.394265,152.0000,-629.2500,-172.0000,669.8086
16.418907,151.5000,-629.5000,-172.0000,669.9302
16.444013,151.9375,-629.8750,-170.5625,670.0142
16.469299,151.8125,-629.3750,-171.0625,669.6434
16.496212,151.2500,-628.9375,-172.0000,669.3452
16.518994,151.7500,-629.0000,-171.4375,669.3728
16.544219,151.9375,-629.2500,-171.5000,669.6662
16.569200,152.0625,-628.9375,-171.1875,669.3210
16.594691,151.8125,-629.3125,-171.0625,669.5847
16.619119,152.9375,-629.5000,-171.3125,670.0807
16.644415,152.1250,-628.8750,-170.6875,669.1487
16.670232,151.9375,-629.5000,-170.8750,669.7414
16.695264,152.1875,-628.3125,-171.6250,668.8743
16.720136,152.4375,-629.5625,-171.5000,670.0734
16.745365,150.7500,-629.5000,-170.8125,669.4570
16.770716,151.5000,-629.6250,-172.1250,670.0798
16.794310,152.1250,-629.5000,-171.5625,669.9597
16.819380,151.5000,-629.4375,-171.2500,669.6793
16.844317,151.1875,-629.3750,-171.3125,669.5659
16.869722,151.6250,-629.0000,-171.5625,669.3765
16.894230,152.3750,-629.7500,-171.2500,670.1714
16.919236,152.3125,-629.3125,-170.8750,669.6503
16.944254,151.8125,-628.8750,-170.4375,669.0140
16.970450,152.8750,-629.3125,-170.6875,669.7307
16.994494,151.2500,-628.8125,-171.4375,669.0834
17.019499,152.4375,-629.3750,-171.9375,670.0094
17.045490,151.7500,-628.9375,-170.9375,669.1861
17.069760,151.8750,-628.8125,-170.9375,669.0970
17.094998,152.5625,-628.6250,-171.1875,669.1411
17.120166,152.3750,-629.3750,-171.2500,669.8191
17.144269,151.7500,-628.7500,-171.4375,669.1378
17.169073,152.9375,-628.8125,-171.0625,669.3709
17.194665,151.2500,-629.0625,-171.1250,669.2383
17.224554,152.3750,-628.9375,-170.8125,669.2962
17.244398,151.6875,-629.2500,-170.7500,669.4178
17.269362,151.6250,-629.1250,-171.2500,669.4139
17.294743,152.4375,-629.3125,-171.0625,669.7267
17.321310,150.8750,-629.3750,-171.1250,669.4475
17.344479,152.0000,-629.6250,-170.9375,669.8890
17.369665,151.6250,-629.0625,-170.8125,669.2434
17.395249,151.8125,-628.9375,-171.6250,669.3762
17.419927,151.5625,-629.5000,-171.0625,669.7043
17.444122,151.1250,-628.9375,-170.9375,669.0447
17.470035,151.5000,-629.1250,-171.4375,669.4336
17.494440,151.1250,-629.0625,-171.5625,669.3221
17.519858,151.8125,-628.8750,-171.1875,669.2055
17.544837,152.5625,-628.6250,-171.3125,669.1731
17.570721,152.0000,-629.3750,-172.0000,669.9260
17.594537,152.4375,-629.0625,-170.5625,669.3642
17.620145,152.2500,-629.1250,-171.5625,669.6357
17.645342,150.6250,-629.6875,-172.0000,669.9091
17.669512,151.8125,-629.0625,-171.5000,669.4617
17.695154,151.9375,-629.0625,-170.5625,669.2505
17.720348,151.5625,-629.0625,-170.8750,669.2452
17.744320,152.0625,-628.6250,-170.8750,668.9474
17.770847,151.6875,-629.0625,-171.1875,669.3533
17.795634,152.6875,-629.5000,-170.0000,669.6893
17.819963,151.6250,-628.8750,-170.3750,668.9556
17.844707,152.5000,-629.4375,-170.3750,669.6831
17.869864,152.0000,-629.5625,-170.9375,669.8303
17.894824,151.8750,-628.8125,-170.5000,668.9854
17.919549,152.5000,-629.5000,-171.4375,670.0129
17.945429,151.6875,-629.1250,-171.5000,669.4921
17.969881,152.3750,-629.1250,-171.8750,669.7443
17.994617,151.0000,-629.2500,-171.1250,669.3581
18.019700,151.9375,-628.8125,-171.3125,669.2071
18.045207,152.5625,-629.2500,-170.4375,669.5370
18.069536,151.8750,-629.5000,-171.6875,669.9350
18.095059,152.3750,-629.1250,-171.4375,669.6322
18.120125,151.7500,-628.8125,-171.5625,669.2286
18.144734,152.2500,-629.0000,-171.6875,669.5503
18.169544,152.3750,-628.4375,-170.5000,668.7467
18.194934,152.1875,-629.0625,-171.3125,669.4988
18.220043,152.0625,-629.0625,-170.5625,669.2789
18.244824,152.0625,-629.4375,-171.1875,669.7908
18.270117,152.0625,-628.8750,-171.5000,669.3422
18.295618,151.8750,-629.1875,-171.4375,669.5773
18.319584,151.7500,-629.1250,-170.1875,669.1712
18.345124,151.8750,-628.5625,-170.6875,668.7982
18.370351,151.9375,-629.3125,-171.3125,669.6769
18.394987,151.0625,-629.0625,-171.5000,669.2920
18.420515,152.3750,-628.9375,-170.0625,669.1052
18.445760,152.4375,-628.9375,-170.5625,669.2467
18.470796,151.1875,-629.3125,-170.8750,669.3954
18.494956,151.6250,-629.2500,-170.8125,669.4196
18.520274,152.0625,-629.1250,-170.7500,669.3854
18.545299,152.2500,-628.8750,-170.6875,669.1771
18.569922,152.9375,-628.9375,-171.5000,669.6003
18.595298,152.3125,-628.9375,-169.8125,669.0275
18.619923,151.3750,-629.3750,-171.5625,669.6723
18.644754,152.2500,-629.3750,-170.5000,669.5993
18.669941,152.2500,-629.4375,-171.2500,669.8494
18.694979,151.7500,-628.6875,-170.8125,668.9192
18.721287,151.5625,-629.0000,-171.9375,669.4585
18.744885,152.1250,-629.5625,-171.6875,670.0504
18.770868,152.1875,-629.3125,-170.8750,669.6219
18.795801,152.2500,-629.1250,-171.1250,669.5238
18.820495,152.1875,-628.9375,-171.0625,669.3174
18.845688,151.6875,-629.2500,-171.0625,669.4976
18.871048,152.1250,-628.9375,-170.6875,669.2075
18.895094,152.5000,-629.2500,-170.8125,669.6183
18.920936,152.2500,-629.0000,-170.5000,669.2468
18.945583,151.4375,-629.1875,-171.1875,669.4142
18.970449,151.6250,-629.1250,-171.4375,669.4619
18.996109,152.3125,-628.8125,-170.5625,669.1008
19.020385,152.6875,-629.5000,-170.8750,669.9119
19.045071,152.2500,-629.2500,-171.4375,669.7212
19.070333,151.6875,-628.9375,-170.0000,668.9331
19.095300,151.8750,-628.8750,-170.0625,668.9328
19.120042,151.5625,-628.8750,-171.6250,669.2609
19.145746,152.3750,-629.3750,-170.8125,669.7074
19.170308,152.0625,-628.6250,-170.8750,668.9474
19.195272,151.4375,-628.3750,-171.5000,668.7307
19.220373,151.0625,-628.8750,-171.0625,669.0038
19.245491,152.1875,-629.3750,-171.1875,669.7605
19.270230,152.4375,-628.9375,-171.5000,669.4862
19.294851,153.2500,-628.9375,-170.6875,669.4641
19.320301,151.8125,-629.5625,-171.6250,669.9635
19.345029,152.3125,-629.3125,-171.1875,669.7302
19.369907,151.6875,-628.8125,-171.0625,669.0864
19.395328,151.7500,-628.8125,-170.5000,668.9570
19.420152,152.3125,-629.1250,-171.3125,669.5859
19.445388,151.5625,-629.0625,-170.3125,669.1018
19.470327,152.3750,-628.7500,-170.3750,669.0085
19.495341,151.8750,-628.6250,-171.1250,668.9687
19.520445,152.1875,-629.9375,-170.4375,670.0979
19.545248,152.2500,-629.5000,-169.6250,669.4946
19.570265,151.4375,-629.0625,-171.0625,669.2648
19.595355,153.0000,-628.8750,-170.9375,669.4120
19.620466,152.0000,-629.0625,-171.5625,669.5202
19.645339,152.6250,-629.3125,-171.6875,669.9293
19.670146,152.3750,-629.1875,-171.6875,669.7549
19.695025,152.3125,-629.3125,-170.3125,669.5070
19.719799,152.5625,-629.7500,-172.0625,670.4222
19.745235,152.1875,-629.4375,-170.5625,669.6597
19.770276,152.5000,-629.0625,-170.3750,669.3307
19.795047,152.7500,-628.6250,-171.4375,669.2479
19.820378,151.6875,-629.1250,-171.0625,669.3801
19.845305,152.8125,-629.0000,-171.0625,669.5185
19.870578,152.3750,-629.2500,-170.9375,669.6218
19.895228,152.0000,-628.9375,-170.5000,669.1312
19.920725,152.1250,-629.3125,-171.4375,669.7515
19.945889,152.1250,-629.2500,-170.3750,669.4216
19.970305,152.1250,-629.1250,-171.6875,669.6394
19.995401,152.1250,-629.2500,-170.5000,669.4534
20.021920,151.9375,-629.0625,-170.5625,669.2505
20.045955,152.3125,-629.6250,-171.5000,670.1037
20.070731,152.9375,-629.4375,-170.7500,669.8784
20.096027,151.8125,-629.4375,-170.1250,669.4633
20.121154,153.0625,-629.0000,-170.5625,669.4481
20.145434,151.8750,-629.3750,-170.6875,669.5619
20.171033,152.5625,-629.1875,-170.0000,669.3670
20.196262,152.2500,-629.5000,-170.8125,669.7964
20.221009,151.6250,-629.1875,-170.9375,669.3928
20.245479,152.3750,-629.3125,-170.9375,669.6805
20.271156,151.8750,-629.5625,-172.0000,670.0738
20.297100,152.1250,-628.9375,-171.1250,669.3192
20.320777,152.3125,-629.0625,-170.7500,669.3835
20.345456,152.6250,-629.0000,-170.8125,669.4119
20.371441,152.1250,-629.8750,-170.5000,670.0409
20.396028,152.6875,-628.9375,-170.7500,669.3515
20.421491,152.7500,-629.5000,-170.8125,669.9102
20.446250,152.1875,-629.5000,-170.8750,669.7981
20.470743,151.7500,-629.5625,-170.9375,669.7736
20.496125,151.7500,-629.1875,-170.6875,669.3573
20.520790,151.6875,-629.5625,-170.4375,669.6320
20.545542,152.0000,-628.9375,-171.4375,669.3707
20.572645,152.4375,-628.7500,-170.8750,669.1502
20.597133,151.5000,-629.0625,-170.1875,669.0558
20.621355,152.8125,-628.9375,-171.3125,669.5237
20.645594,152.3125,-629.0000,-171.6250,669.5485
20.670692,152.8125,-628.6875,-171.5000,669.3369
20.696080,152.0625,-628.7500,-171.8125,669.3049
20.720476,151.6250,-629.3750,-171.2500,669.6489
20.745988,151.9375,-629.5000,-170.8750,669.7414
20.770735,152.5000,-628.7500,-171.1250,669.2283
20.795406,152.2500,-629.3750,-170.9375,669.7108
20.822819,152.8125,-628.5625,-171.6250,669.2515
20.846231,151.8125,-629.0625,-171.0625,669.3497
20.871472,152.7500,-629.4375,-171.2500,669.9632
20.895990,152.1250,-628.8125,-171.1250,669.2017
20.921702,151.8750,-629.0000,-170.6875,669.2094
20.948411,152.0000,-629.3125,-171.4375,669.7231
20.971262,151.9375,-629.3125,-170.5625,669.4855
20.995716,152.5000,-628.8750,-170.0625,669.0749
21.023377,151.7500,-629.4375,-170.8125,669.6242
21.048617,152.4375,-629.5000,-171.3125,669.9667
21.072271,152.7500,-628.9375,-171.4375,669.5415
21.097504,152.8750,-629.0000,-170.9375,669.5009
21.123278,151.6250,-629.3125,-172.1250,669.8144
21.148794,153.1875,-629.6250,-170.7500,670.1116
21.172508,151.6875,-628.9375,-171.0625,669.2039
21.198222,152.0625,-629.1875,-169.6875,669.1739
21.222802,152.6250,-628.6875,-170.8125,669.1183
21.247605,152.3125,-629.4375,-171.1875,669.8476
21.273048,152.3125,-628.4375,-170.8750,668.8281
21.299065,152.1875,-629.4375,-170.7500,669.7075
21.322435,151.7500,-629.1875,-171.4375,669.5489
21.347857,152.3750,-628.7500,-170.9375,669.1519
21.373426,151.4375,-629.5000,-171.6250,669.8199
21.397822,151.8750,-629.0000,-171.1250,669.3211
21.422616,151.3125,-629.3125,-171.1875,669.5034
21.447482,152.6250,-629.5000,-171.1250,669.9615
21.472939,152.2500,-628.9375,-171.2500,669.3796
21.497553,152.2500,-628.6250,-171.5625,669.1660
21.523659,151.7500,-628.8125,-171.4375,669.1966
21.548690,152.3125,-629.3125,-171.1875,669.7302
21.572734,152.1250,-628.5000,-170.6875,668.7963
21.597621,152.3750,-629.3125,-169.9375,669.4260
21.622355,152.3750,-629.1250,-170.9375,669.5043
21.647882,152.3125,-629.5000,-170.5625,669.7469
21.672608,152.7500,-629.0625,-171.1250,669.5789
21.697854,153.4375,-629.0625,-171.0625,669.7201
21.722932,151.8750,-628.7500,-171.4375,669.1662
21.747674,151.9375,-629.0625,-171.0625,669.3781
21.773304,152.6250,-628.6250,-170.8125,669.0596
21.798184,152.5625,-629.3750,-170.7500,669.7341
21.822663,152.1875,-629.1250,-170.7500,669.4138
21.848183,152.5000,-629.6875,-170.5000,669.9499
21.873711,152.3125,-629.1875,-171.0625,669.5808
21.898391,152.0000,-628.8750,-171.5625,669.3440
21.923561,152.1875,-628.7500,-171.3125,669.2052
21.947451,153.0625,-629.0000,-171.3125,669.6395
21.972925,152.6250,-629.0625,-170.8125,669.4706
21.998318,153.4375,-629.5625,-171.6250,670.3336
22.022521,152.8750,-628.1250,-172.1250,668.9834
22.049329,152.5000,-629.1250,-171.5625,669.6926
22.074291,152.0000,-629.5000,-171.2500,669.8513
22.098061,152.8750,-628.8750,-171.5625,669.5433
22.122797,152.1875,-629.3750,-171.9375,669.9526
22.148500,151.8125,-629.1875,-170.8750,669.4193
22.173297,152.2500,-628.9375,-170.8125,669.2678
22.197758,152.6875,-629.1875,-170.0000,669.3955
22.222982,152.4375,-628.8750,-171.6250,669.4596
22.248518,152.7500,-628.9375,-170.5000,669.3020
22.272673,153.0625,-629.0000,-171.9375,669.7997
22.297839,153.3750,-628.7500,-171.2500,669.4602
22.323542,152.2500,-629.0625,-172.0000,669.6892
22.347735,152.1875,-629.1250,-171.5000,669.6055
22.373031,153.5000,-629.0000,-170.6875,669.5801
22.398710,152.7500,-628.5625,-171.8750,669.3014
22.422761,152.5000,-628.7500,-171.2500,669.2603
22.447871,152.5000,-629.1250,-170.9375,669.5328
22.473482,152.4375,-628.8125,-171.0625,669.2568
22.497671,152.6250,-629.2500,-170.6875,669.6149
22.523142,152.5000,-628.9375,-171.2500,669.4365
22.548484,151.7500,-628.8125,-170.1875,668.8774
22.572774,152.6250,-629.0000,-171.2500,669.5237
22.598000,152.4375,-629.5000,-171.1875,669.9348
22.623150,151.8125,-629.3750,-171.0625,669.6434
22.648201,152.1250,-629.0000,-171.6875,669.5219
22.672989,153.0000,-628.7500,-171.5625,669.4544
22.698052,152.5000,-629.3125,-171.4375,669.8368
22.724062,152.8125,-629.1875,-170.8750,669.6468
22.747935,151.8125,-629.2500,-171.6250,669.6699
22.773273,151.6250,-629.7500,-170.0625,669.6988
22.798839,152.4375,-629.0000,-170.7500,669.3532
22.823571,152.1875,-629.0625,-169.6875,669.0848
22.848154,152.6250,-629.5000,-169.9375,669.6592
22.873541,152.7500,-628.6875,-170.0625,668.9557
22.899050,152.0625,-628.7500,-170.8750,669.0649
22.923757,152.1875,-628.8750,-171.3125,669.3226
22.948468,152.3125,-629.1875,-170.4375,669.4214
22.974252,153.4375,-628.8750,-170.7500,669.4643
22.998068,152.9375,-628.8750,-171.1875,669.4616
23.023649,152.6250,-628.7500,-170.9375,669.2089
23.049872,152.2500,-628.8125,-170.0625,668.9592
23.073170,152.3125,-629.1875,-170.3125,669.3895
23.099320,151.5625,-629.1875,-170.0000,669.1398
23.123908,152.0000,-629.3750,-170.8125,669.6221
23.148411,153.1875,-629.0000,-171.0625,669.6042
23.174266,152.7500,-629.0000,-171.8750,669.7123
23.199022,152.4375,-628.9375,-170.7500,669.2945
23.223231,153.5625,-629.0625,-171.0625,669.7488
23.249679,151.9375,-629.4375,-170.4375,669.5711
23.273705,153.0625,-628.4375,-171.6250,669.1913
23.298217,153.0000,-629.4375,-172.0000,670.2123
23.324456,152.1875,-629.4375,-170.0000,669.5167
23.348882,153.3750,-629.2500,-170.6875,669.7863
23.373352,152.1875,-629.2500,-170.5625,669.4835
23.399563,152.5625,-629.3750,-170.1250,669.5750
23.423262,152.8125,-629.3750,-171.0625,669.8708
23.448084,152.4375,-628.9375,-170.8750,669.3264
23.473963,152.8750,-629.0625,-170.8125,669.5277
23.498111,152.3125,-628.5000,-171.1875,668.9667
23.523447,152.1875,-629.5625,-170.7500,669.8250
23.548534,153.2500,-628.5000,-170.8125,669.0850
23.573080,152.1875,-628.6875,-171.3125,669.1465
23.598325,152.3750,-628.8750,-170.6875,669.2056
23.623547,152.3750,-628.8750,-170.9375,669.2694
23.647956,151.7500,-629.1875,-170.8125,669.3892
23.673272,152.6875,-628.2500,-170.4375,668.6258
23.698290,152.9375,-629.1875,-170.1250,669.4844
23.723134,152.8750,-628.9375,-170.0625,669.2192
23.748308,152.8750,-628.7500,-170.3750,669.1225
23.773422,152.8125,-628.8125,-171.0625,669.3424
23.798134,153.1250,-629.6875,-171.2500,670.2837
23.823493,152.3125,-629.1250,-171.1875,669.5540
23.848605,152.3750,-628.8125,-171.4375,669.3386
23.874546,152.7500,-628.3750,-170.6875,668.8213
23.898397,152.8750,-628.8750,-171.5625,669.5433
23.923848,152.1875,-628.6875,-170.5625,668.9548
23.949184,152.5000,-629.1875,-171.4375,669.7193
23.974398,153.0000,-628.8750,-171.4375,669.5398
23.998126,152.8750,-629.3750,-170.6875,669.7894
24.024842,151.8125,-628.8125,-171.1875,669.1467
24.048752,152.6250,-629.0625,-171.6875,669.6944
24.073902,152.6250,-629.1875,-170.9375,669.6200
24.098482,152.1875,-629.2500,-171.8125,669.8031
24.124579,151.9375,-629.0625,-172.3750,669.7147
24.148626,152.7500,-629.4375,-171.5625,670.0431
24.174190,152.1250,-628.8125,-171.1250,669.2017
24.198390,153.4375,-629.0625,-171.1875,669.7521
24.223447,152.5000,-628.7500,-170.1875,668.9892
24.248923,152.0625,-628.7500,-170.4375,668.9533
24.273456,152.1250,-628.6875,-171.1250,669.0843
24.298619,152.8750,-629.2500,-170.6875,669.6720
24.323596,152.5625,-629.1250,-171.9375,669.8030
24.348287,152.1875,-629.0625,-171.0625,669.4349
24.373614,153.3125,-629.0625,-171.3125,669.7554
24.398534,152.5000,-628.6875,-171.6875,669.3137
24.424611,152.5625,-629.0000,-171.5000,669.5734
24.448505,153.0000,-628.6875,-170.1875,669.0447
24.473545,152.5000,-628.8750,-169.9375,669.0432
24.499438,152.5000,-628.4375,-171.4375,669.0148
24.523995,153.9375,-629.3750,-171.3125,670.1922
24.548888,152.5625,-628.4375,-170.7500,668.8532
24.573779,152.5000,-628.7500,-170.6875,669.1166
24.598665,152.7500,-628.9375,-171.1250,669.4615
24.623899,151.6875,-628.3125,-170.4375,668.4569
24.649381,153.0625,-629.0625,-170.5625,669.5068
24.673739,152.5625,-628.9375,-170.8750,669.3549
24.698822,152.6875,-628.5000,-170.7500,668.9404
24.725388,152.5625,-629.3125,-170.7500,669.6754
24.749507,152.8125,-628.7500,-171.1875,669.3156
24.773523,151.4375,-628.6250,-170.7500,668.7737
24.798404,153.3125,-629.2500,-172.0625,670.1237
24.823895,151.7500,-628.9375,-171.1250,669.2340
24.849369,152.7500,-629.2500,-169.9375,669.4527
24.873787,152.3750,-628.5625,-171.4375,669.1037
24.899264,152.1875,-628.7500,-170.8750,669.0933
24.924845,153.0000,-628.7500,-170.9375,669.2945
24.949821,153.0625,-629.0000,-171.3125,669.6395
24.974174,152.8125,-628.7500,-171.9375,669.5078
24.999485,152.1250,-629.4375,-171.1250,669.7890
25.024533,152.4375,-629.1250,-171.0625,669.5505
25.048548,153.1250,-628.6875,-171.2500,669.3443
25.073755,152.5625,-628.7500,-170.8750,669.1787
25.099248,151.9375,-628.8750,-170.0000,668.9311
25.124117,152.4375,-628.8125,-170.8750,669.2089
25.149182,153.3750,-628.6250,-170.6875,669.1992
25.175204,152.0000,-628.9375,-171.5625,669.4028
25.198609,152.2500,-629.0625,-169.9375,669.1625
25.223791,153.0000,-628.6250,-170.8125,669.1452
25.249297,152.4375,-629.7500,-170.5625,670.0103
25.273933,152.6875,-629.2500,-171.0625,669.7249
25.298713,152.0625,-629.0625,-171.0625,669.4065
25.324123,152.8750,-629.6875,-171.2500,670.2266
25.349391,152.3750,-628.8750,-170.9375,669.2694
25.373852,152.6875,-629.0000,-171.3125,669.5539
25.398729,153.0000,-628.3750,-170.6875,668.8784
25.424687,153.0000,-629.0625,-171.2500,669.6680
25.449219,152.6875,-629.0000,-170.5625,669.3624
25.473903,151.9375,-628.6250,-171.0625,668.9669
25.499094,153.3125,-629.4375,-170.0000,669.7733
25.525319,152.0000,-629.1250,-170.8125,669.3872
25.548761,152.8125,-629.0000,-170.7500,669.4387
25.573883,152.8750,-628.6250,-171.5625,669.3085
25.599063,152.5000,-628.7500,-171.4375,669.3083
25.624739,153.1875,-628.5000,-170.4375,668.9750
25.648850,152.2500,-629.1875,-171.2500,669.6145
25.674874,152.3750,-628.6875,-170.0625,668.8702
25.700052,152.9375,-629.3125,-171.1875,669.8726
25.726249,152.6875,-629.1875,-171.9375,669.8902
25.750084,152.6875,-628.8125,-171.9375,669.5380
25.775509,152.6250,-628.9375,-171.2500,669.4650
25.801039,153.3125,-629.5000,-170.8750,670.0547
25.831520,153.6875,-629.0000,-171.6250,669.8627
25.850146,152.6875,-629.1250,-170.5625,669.4799
25.875622,152.8125,-629.0625,-171.0625,669.5772
25.900777,153.3750,-628.9375,-171.8750,669.7965
25.932943,152.4375,-629.3125,-171.1875,669.7586
25.955933,152.4375,-629.2500,-170.4375,669.5085
25.981050,152.5625,-629.0000,-170.4375,669.3021
26.006161,152.0625,-629.1875,-171.5000,669.6358
26.032262,152.9375,-628.7500,-170.8750,669.2643
26.056853,152.1250,-629.1250,-171.8750,669.6875
26.080865,153.0000,-628.5625,-170.8125,669.0865
26.106588,152.7500,-628.4375,-170.8125,668.9119
26.133597,152.6875,-629.3125,-171.8125,669.9755
26.157142,153.5000,-628.8750,-171.4375,669.6543
26.181418,152.9375,-629.0000,-172.8125,669.9963
26.207405,152.6875,-629.1875,-170.4375,669.5068
26.234489,152.6875,-629.4375,-170.7500,669.8213
26.257306,152.9375,-628.6875,-171.5000,669.3654
26.282215,152.5625,-628.5000,-170.5625,668.8641
26.306834,153.3125,-628.8750,-171.6250,669.6593
26.332786,153.3750,-628.5000,-170.1875,668.9544
26.355987,152.1250,-628.8125,-170.1875,668.9626
26.381305,152.8125,-629.5000,-171.3125,670.0521
26.406569,152.8125,-628.6875,-171.5000,669.3369
26.431890,153.1250,-628.6250,-170.6875,669.1419
26.456311,152.8750,-629.1250,-170.5000,669.5067
26.481396,152.7500,-629.1875,-170.9375,669.6485
26.506985,152.1250,-629.0000,-170.9375,669.3300
26.532031,153.0625,-628.9375,-170.5625,669.3893
26.556533,153.3125,-629.1875,-170.7500,669.7292
26.581484,151.8750,-629.1875,-170.6875,669.3857
26.607665,153.3750,-629.3750,-171.6875,670.1592
26.632404,152.7500,-628.9375,-171.5625,669.5735
26.657286,153.2500,-629.1250,-170.8125,669.6721
26.681768,153.3750,-628.9375,-170.6875,669.4927
26.706282,152.7500,-629.0000,-170.5000,669.3607
26.732023,152.7500,-628.8125,-171.1250,669.3441
26.756710,152.3125,-628.8125,-170.8750,669.1805
26.781188,153.1250,-629.1875,-170.8125,669.7022
26.806176,152.1875,-629.0625,-170.5625,669.3073
26.831522,152.8750,-628.9375,-170.8125,669.4102
26.856541,152.6875,-628.8125,-170.7500,669.2340
26.881707,152.5000,-629.0000,-171.8750,669.6553
26.907342,152.8750,-629.1250,-170.6875,669.5545
26.931756,153.6875,-629.2500,-171.6250,670.0974
26.956567,152.7500,-629.0625,-170.8125,669.4991
26.982680,153.3125,-628.6875,-170.7500,669.2595
27.007117,153.0000,-629.0000,-170.5000,669.4178
27.031813,152.6875,-629.0000,-171.6250,669.6339
27.057504,153.1875,-629.2500,-170.7500,669.7593
27.081943,152.4375,-628.7500,-170.7500,669.1183
27.107132,152.8750,-628.8125,-172.0000,669.5968
27.132406,153.0625,-628.8750,-170.7500,669.3784
27.157222,153.0000,-628.8750,-171.2500,669.4918
27.181546,153.0000,-628.8125,-170.8125,669.3214
27.206457,154.0625,-629.5625,-171.3125,670.3970
27.231811,151.7500,-629.3125,-171.1250,669.5865
27.256319,152.8125,-628.5625,-171.1875,669.1395
27.282392,152.6250,-629.3750,-171.5625,669.9559
27.308087,152.8750,-628.7500,-170.5000,669.1544
27.331685,153.4375,-628.4375,-171.5000,669.2451
27.356479,152.9375,-628.6875,-170.7500,669.1737
27.383051,152.5000,-628.6250,-171.8750,669.3031
27.407726,153.3125,-628.8750,-170.3125,669.3242
27.431388,153.2500,-628.8125,-171.1250,669.4584
27.456613,153.3750,-628.8125,-170.1875,669.2480
27.481687,153.0000,-629.0000,-171.1250,669.5773
27.506804,152.5625,-628.5000,-171.9375,669.2160
27.531673,153.5000,-628.5000,-170.9375,669.1742
27.556719,153.1875,-629.0625,-169.6875,669.3130
27.582682,153.2500,-629.1250,-170.8125,669.6721
27.606615,152.3750,-628.8750,-170.8125,669.2375
27.631840,152.6875,-629.0625,-171.5000,669.6606
27.657288,151.7500,-629.1875,-170.1875,669.2300
27.682729,153.6250,-628.7500,-170.0625,669.2148
27.707046,153.3125,-628.5000,-170.8750,669.1153
27.731929,152.9375,-628.9375,-170.1250,669.2494
27.756496,151.8750,-628.8750,-170.9375,669.1557
27.782010,152.0625,-628.7500,-171.0625,669.1128
27.806592,152.3125,-628.9375,-170.0000,669.0751
27.831958,154.0625,-629.0625,-170.5625,669.7361
27.856800,153.8750,-628.6250,-171.1250,669.4256
27.881718,153.5000,-628.9375,-170.5000,669.4736
27.906925,153.3125,-628.7500,-170.7500,669.3182
27.932431,152.4375,-628.6250,-170.7500,669.0009
27.956927,153.1250,-628.9375,-169.9375,669.2446
27.981918,153.1250,-628.9375,-170.3750,669.3559
28.007299,152.5000,-628.8750,-170.5000,669.1863
28.032026,152.8125,-628.8125,-171.1875,669.3743
28.057973,153.8125,-628.5000,-170.4375,669.1184
28.081596,153.0000,-628.3750,-171.4375,669.0702
28.106645,152.7500,-629.1250,-170.6875,669.5260
28.132299,152.7500,-628.6875,-170.8125,669.1468
28.156897,152.5000,-628.5000,-170.8125,668.9136
28.182588,152.5000,-628.6250,-171.1250,669.1109
28.208091,152.3125,-628.9375,-171.0625,669.3458
28.232091,153.3125,-628.8125,-169.8125,669.1384
28.256700,153.8125,-628.8750,-170.7500,669.5503
28.281949,152.7500,-629.3125,-171.6875,669.9577
28.307033,153.0625,-628.6875,-171.0625,669.2821
28.331736,153.3750,-628.6875,-170.1875,669.1305
28.356861,152.7500,-628.5000,-171.4375,669.1305
28.382224,152.7500,-629.2500,-171.2500,669.7870
28.406924,153.1875,-628.1875,-171.8125,669.0332
28.432052,153.0625,-628.3125,-170.5625,668.8021
28.457018,153.1250,-629.3750,-170.0625,669.6875
28.482390,152.5625,-629.2500,-170.4375,669.5370
28.506857,153.2500,-629.0000,-171.2500,669.6664
28.531986,152.9375,-629.3125,-171.1875,669.8726
28.557568,153.1875,-629.1250,-171.6250,669.8655
28.582989,152.8750,-629.1250,-170.5000,669.5067
28.607320,153.3750,-628.6250,-170.5000,669.1514
28.632491,152.9375,-628.7500,-171.9375,669.5364
28.658089,153.1250,-628.8125,-171.5625,669.5417
28.682151,153.0625,-628.8750,-170.7500,669.3784
28.707565,153.3750,-628.9375,-171.4375,669.6843
28.732869,152.6875,-628.8125,-171.9375,669.5380
28.757640,153.5625,-628.9375,-169.6875,669.2815
28.782249,152.8750,-629.3750,-170.9375,669.8532
28.807216,153.0625,-628.9375,-170.5625,669.3893
28.832775,153.4375,-628.6875,-170.8750,669.3200
28.856920,153.6875,-629.0000,-171.5000,669.8306
28.882075,153.8125,-629.3750,-170.5625,669.9722
28.908314,153.9375,-628.5000,-171.3125,669.3706
28.932386,152.3125,-629.2500,-171.3125,669.7034
28.956978,152.6875,-629.3125,-171.0625,669.7836
28.981767,153.5625,-629.0625,-170.8750,669.7009
29.007541,153.0000,-628.8750,-170.6875,669.3482
29.032047,153.1250,-629.0625,-171.1250,669.6646
29.057168,152.8750,-628.8750,-171.2500,669.4633
29.082890,153.6875,-628.6250,-171.8125,669.5586
29.107466,152.0625,-629.5625,-171.6250,670.0202
29.131997,153.0000,-628.6875,-171.4375,669.3637
29.157268,153.5000,-628.6250,-171.5625,669.4515
29.182440,153.4375,-629.0625,-170.8750,669.6723
29.207052,153.7500,-629.1250,-170.9375,669.8186
29.232647,153.4375,-628.8125,-170.7500,669.4055
29.258947,153.6875,-628.6875,-170.0000,669.1546
29.282062,153.1875,-628.8750,-171.6250,669.6307
29.307054,153.6250,-628.9375,-170.0625,669.3910
29.332152,152.8750,-628.6875,-170.5000,669.0956
29.357023,154.0625,-629.0000,-171.6250,669.9488
29.382573,153.3750,-628.6250,-171.5625,669.4229
29.407174,153.2500,-629.1250,-170.9375,669.7040
29.432774,152.7500,-628.8125,-170.0625,669.0732
29.457261,153.1875,-628.6875,-171.0625,669.3107
29.482136,152.8750,-628.7500,-170.9375,669.2660
29.508045,153.5000,-628.7500,-170.5000,669.2974
29.532951,152.8125,-629.1250,-170.1250,669.3971
29.557144,153.6250,-628.6250,-170.8125,669.2884
29.583133,153.3125,-629.1875,-171.5000,669.9208
29.607403,153.4375,-628.8750,-171.5000,669.6559
29.632216,153.3125,-628.4375,-171.3125,669.1684
29.657074,153.2500,-628.5000,-170.6875,669.0531
29.682350,153.3125,-629.0625,-170.3125,669.5003
29.708759,152.9375,-628.7500,-171.6250,669.4562
29.732431,153.3750,-629.0625,-170.9375,669.6739
29.757733,151.6875,-629.0000,-171.3125,669.3266
29.782835,153.1875,-629.3125,-171.0625,669.8978
29.807887,152.7500,-629.3750,-171.2500,669.9045
29.832214,153.8125,-628.6250,-171.5000,669.5072
29.857302,153.2500,-629.2500,-170.9375,669.8214
29.883483,153.6250,-628.8125,-170.8125,669.4645
29.907305,153.5625,-628.8750,-171.9375,669.7968
29.932802,153.8750,-628.3750,-170.1875,668.9517
29.957423,153.1250,-628.6250,-170.1875,669.0145
29.982579,153.5000,-628.6875,-171.2500,669.4302
30.007898,153.6875,-628.8750,-171.1875,669.6333
30.033586,152.6250,-629.1875,-171.2500,669.6998
30.057668,153.9375,-628.5625,-170.7500,669.2855
30.083064,153.8750,-628.6250,-169.9375,669.1231
30.108297,153.2500,-629.1250,-170.9375,669.7040
30.132402,153.1875,-628.8125,-171.1875,669.4600
30.157548,153.0000,-629.2500,-171.1250,669.8122
30.182403,153.0000,-628.8125,-170.5000,669.2417
30.207249,154.0000,-628.5625,-170.5000,669.2362
30.232559,153.3125,-628.8750,-171.3125,669.5793
30.257901,153.0000,-629.1250,-170.8125,669.6149
30.282637,152.3750,-628.5000,-171.4375,669.0450
30.307506,152.9375,-628.5625,-170.1250,668.8970
30.332505,153.5000,-628.6875,-170.1875,669.1592
30.358675,153.4375,-628.3125,-170.4375,668.8562
30.382562,153.8125,-628.5000,-171.5000,669.3899
30.407800,152.2500,-628.6250,-171.1250,669.0540
30.433835,152.9375,-628.6875,-171.1875,669.2854
30.457707,154.3750,-629.0625,-171.5625,670.0634
30.482910,153.5000,-629.0000,-170.6875,669.5801
30.508304,152.8750,-628.9375,-170.8125,669.4102
30.532616,152.4375,-629.3125,-171.0625,669.7267
30.558050,153.2500,-629.1875,-170.3750,669.6194
30.583620,153.1875,-628.7500,-171.8125,669.5614
30.607925,153.9375,-628.7500,-170.8750,669.4935
30.632877,153.5000,-628.8125,-170.0625,669.2448
30.658715,153.8750,-628.9375,-171.4375,669.7990
30.683050,152.7500,-628.7500,-171.4375,669.3653
30.708400,153.0000,-628.8750,-172.0000,669.6841
30.733564,153.2500,-628.6250,-170.5000,669.1227
30.758051,153.0000,-628.9375,-171.1250,669.5186
30.783624,153.6250,-629.1250,-170.5000,669.6784
30.807849,153.1875,-628.8125,-170.8750,669.3802
30.832535,154.0625,-629.0000,-171.5000,669.9168
30.857862,153.0625,-628.8750,-171.6250,669.6021
30.882780,152.8750,-629.1250,-170.1875,669.4272
30.907628,153.6250,-628.6875,-170.3750,669.2356
30.933049,152.1250,-629.0625,-170.5000,669.2771
30.957447,153.5000,-628.7500,-170.0625,669.1861
30.982994,153.1250,-628.6250,-171.4375,669.3336
31.007677,152.6250,-629.0625,-170.6875,669.4388
31.032616,154.0625,-628.6875,-171.3125,669.5754
31.058337,153.5625,-629.0625,-171.6250,669.8927
31.083674,153.0625,-628.7500,-171.3125,669.4047
31.107584,153.0000,-629.1250,-170.6875,669.5831
31.132914,153.0625,-628.6875,-170.5625,669.1544
31.158185,153.3125,-629.0000,-171.1875,669.6648
31.182838,153.1875,-629.1875,-171.0625,669.7803
31.208219,152.5625,-629.0000,-170.3125,669.2702
31.233894,153.4375,-628.9375,-171.5000,669.7146
31.257824,153.5625,-628.8125,-170.4375,669.3546
31.283414,153.4375,-628.7500,-170.5625,669.2990
31.308544,153.3125,-629.1250,-170.8750,669.7024
31.332935,153.2500,-629.0625,-170.3750,669.5019
31.358435,153.9375,-628.5000,-170.8750,669.2587
31.383722,152.9375,-629.2500,-171.0625,669.7819
31.408933,153.4375,-629.0625,-170.4375,669.5608
31.433408,153.8125,-628.9375,-170.4375,669.5294
31.458831,153.3125,-628.6250,-170.3125,669.0893
31.483940,153.1875,-628.8125,-170.4375,669.2686
31.508611,153.4375,-628.7500,-170.8750,669.3787
31.532847,153.8750,-628.6250,-171.2500,669.4576
31.558881,153.2500,-628.9375,-170.5000,669.4163
31.587420,153.6875,-628.9375,-170.8750,669.6122
31.607870,152.8750,-629.0000,-170.3750,669.3575
31.633762,153.7500,-628.6250,-170.0625,669.1261
31.657862,153.0000,-628.7500,-169.7500,668.9922
31.683527,152.8750,-629.1875,-170.6875,669.6132
31.709352,153.8125,-628.4375,-170.7500,669.1394
31.733404,153.3750,-628.2500,-170.9375,668.9107
31.758002,153.1250,-628.7500,-170.8125,669.2912
31.783159,153.1250,-628.9375,-171.5625,669.6591
31.808584,153.5625,-628.5625,-170.5625,669.1516
31.833212,152.7500,-629.0000,-171.2500,669.5522
31.858074,153.0625,-629.2500,-170.1250,669.5717
31.883130,152.5625,-628.6250,-171.8125,669.3013
31.908408,153.0000,-628.9375,-171.5625,669.6305
31.933218,154.0625,-629.1250,-170.7500,669.8426
31.958328,153.5000,-628.8125,-171.5625,669.6276
31.983240,152.6875,-628.8750,-170.8750,669.3247
32.008009,153.5625,-629.0000,-170.5625,669.5625
32.033289,153.8125,-628.3750,-171.0625,669.1605
32.058341,153.7500,-629.1250,-170.8125,669.7867
32.083100,153.2500,-629.2500,-171.5625,669.9812
32.108638,152.7500,-628.8750,-170.3750,669.2115
32.133701,153.6250,-628.6250,-171.8750,669.5603
32.158017,153.8125,-628.9375,-171.5000,669.8007
32.183535,153.1875,-628.6250,-171.3125,669.3159
32.208290,152.4375,-628.8750,-170.4375,669.1561
32.233552,153.7500,-628.6250,-172.3125,669.7015
32.258206,153.3125,-628.8750,-170.5625,669.3878
32.283002,153.5625,-628.5625,-171.1875,669.3112
32.308531,152.5625,-628.8125,-171.8125,669.4774
32.333258,153.9375,-628.7500,-170.8750,669.4935
32.358493,153.3125,-628.6875,-171.5000,669.4512
32.383720,153.1875,-629.0000,-171.0625,669.6042
32.408035,153.4375,-628.4375,-170.7500,669.0533
32.433527,153.5000,-628.3750,-170.8125,669.0249
32.458290,152.0625,-629.4375,-170.7500,669.6791
32.482902,153.1250,-628.6250,-171.2500,669.2856
32.508336,152.4375,-628.5625,-170.8750,668.9740
32.533207,153.2500,-628.6250,-170.9375,669.2343
32.559130,152.8750,-629.1250,-170.5000,669.5067
32.583441,153.0625,-628.5625,-170.8750,669.1167
32.608344,152.1250,-629.1875,-170.9375,669.5062
32.634004,153.1875,-628.0625,-170.8750,668.6757
32.659298,153.5625,-629.0000,-171.1875,669.7220
32.683972,153.1875,-628.4375,-171.1875,669.1078
32.708524,153.0625,-628.9375,-169.6875,669.1669
32.734586,154.2500,-628.5625,-170.8125,669.3734
32.758635,153.6250,-629.0000,-170.6875,669.6087
32.783281,153.5625,-628.8750,-170.1250,669.3338
32.809271,153.1875,-628.5625,-170.0000,668.9224
32.833252,153.3750,-629.0625,-171.1250,669.7218
32.859629,153.5000,-628.5000,-170.6875,669.1104
32.884803,153.0625,-629.1875,-171.1875,669.7837
32.908626,152.9375,-629.1875,-170.8750,669.6753
32.933378,153.3125,-628.3125,-170.0000,668.7162
32.958442,153.1250,-628.9375,-170.8125,669.4674
32.983042,152.7500,-628.5625,-170.9375,669.0613
33.008576,153.5625,-628.6875,-171.0625,669.3966
33.033853,153.6875,-629.2500,-171.8125,670.1455
33.058654,153.5000,-628.8750,-172.0000,669.7985
33.083391,153.6875,-628.9375,-170.3125,669.4689
33.109119,153.1875,-629.0000,-170.8750,669.5563
33.133785,154.2500,-628.8750,-171.2500,669.7786
33.158391,154.0625,-628.3125,-170.1250,668.9203
33.183806,153.5625,-628.8750,-170.8750,669.5248
33.208472,153.1875,-628.7500,-171.3125,669.4333
33.233408,153.1875,-628.8750,-171.9375,669.7109
33.258432,153.4375,-628.8125,-171.8125,669.6774
33.284473,153.5625,-628.7500,-171.3125,669.5192
33.308433,154.1875,-628.6875,-171.9375,669.7643
33.333606,154.1250,-628.9375,-171.5625,669.8885
33.358314,152.8750,-628.7500,-171.2500,669.3459
33.384224,153.8125,-629.0625,-171.8125,669.9981
33.408467,153.5000,-628.8750,-171.8750,669.7664
33.433334,153.4375,-629.3125,-171.0625,669.9550
33.458783,153.2500,-628.5000,-172.0000,669.3891
33.484776,153.6250,-629.1250,-170.5000,669.6784
33.509005,153.4375,-628.9375,-171.9375,669.8268
33.533505,153.0000,-628.8125,-171.8750,669.5933
33.558779,152.9375,-629.0625,-171.1875,669.6377
33.585454,152.9375,-629.3125,-171.6250,669.9845
33.608414,153.5000,-628.8750,-170.8125,669.4945
33.636054,153.8125,-629.0000,-171.1875,669.7794
33.660496,153.3125,-629.4375,-171.5000,670.1556
33.685871,154.3750,-629.6250,-170.8125,670.4000
33.710602,153.5000,-629.0625,-170.8125,669.6707
33.738171,154.2500,-628.8750,-170.8125,669.6669
33.763959,153.3125,-629.7500,-171.8125,670.5291
33.790045,153.9375,-629.1250,-171.3125,669.9575
33.812083,153.0000,-629.0625,-171.6875,669.7800
33.838957,153.5000,-628.8750,-172.1250,669.8306
33.863993,153.1875,-628.5000,-171.8125,669.3267
33.887011,153.6250,-628.8125,-172.0000,669.7685
33.912292,153.5000,-628.6250,-170.6875,669.2278
33.937129,153.8125,-628.9375,-170.5625,669.5612
33.963291,153.9375,-629.1250,-171.9375,670.1175
33.988775,153.1875,-629.0625,-171.3125,669.7268
34.012340,153.5000,-628.3125,-170.9375,668.9981
34.037160,152.9375,-629.4375,-171.3125,670.0220
34.062378,154.0000,-629.0000,-171.2500,669.8385
34.087310,153.3750,-628.6250,-170.6875,669.1992
34.112820,153.9375,-628.5625,-171.3125,669.4293
34.137422,153.7500,-628.5000,-171.1250,669.2795
34.162309,153.9375,-628.3125,-170.8750,669.0827
34.188094,153.5625,-628.6875,-170.7500,669.3168
34.212891,153.1875,-628.3750,-171.1875,669.0491
34.238952,154.3750,-628.6250,-171.1250,669.5407
34.262144,153.6250,-628.7500,-170.1875,669.2466
34.287456,153.1250,-629.3125,-171.4375,669.9793
34.313263,153.7500,-628.3750,-171.6875,669.3062
34.337088,153.0000,-629.2500,-170.9375,669.7643
34.362796,153.6250,-629.0000,-170.6875,669.6087
34.387822,153.6250,-629.3125,-170.6875,669.9023
34.412420,154.2500,-628.9375,-171.2500,669.8373
34.437496,154.1875,-628.6875,-170.4375,669.3808
34.463104,153.5625,-629.0625,-171.9375,669.9728
34.487479,153.4375,-628.9375,-170.7500,669.5230
34.512623,152.5000,-629.1875,-171.1250,669.6394
34.538541,153.6250,-628.6250,-171.2500,669.4002
34.562303,153.6875,-629.2500,-170.7500,669.8738
34.587890,153.2500,-628.3125,-170.0625,668.7177
34.612959,153.1875,-628.8750,-170.3125,669.2955
34.638636,153.5000,-629.3750,-171.5625,670.1558
34.662552,153.7500,-628.9375,-170.1875,669.4514
34.688153,153.6875,-628.6875,-170.5625,669.2977
34.712933,153.0625,-628.3750,-171.9375,669.2128
34.737888,154.1875,-629.0625,-171.0625,669.8924
34.762337,153.3750,-628.7500,-170.9375,669.3804
34.787517,153.3750,-628.8125,-171.1250,669.4870
34.812232,153.3750,-628.4375,-171.4375,669.2148
34.838295,154.3125,-628.5625,-171.5000,669.5636
34.863601,154.0000,-629.0625,-170.9375,669.8173
34.887703,154.3750,-629.1250,-171.4375,670.0901
34.912919,153.1875,-628.5625,-171.0625,669.1932
34.937706,153.7500,-628.5625,-171.4375,669.4182
34.963004,153.0625,-628.8125,-170.3125,669.2082
34.987419,154.0000,-628.8125,-170.9375,669.5825
35.012699,153.6875,-628.6875,-171.1875,669.4572
35.037195,153.5625,-628.8125,-171.0625,669.5140
35.062626,154.6250,-628.6875,-171.1250,669.6571
35.088277,153.8125,-628.9375,-171.3125,669.7527
35.112295,153.6250,-628.5000,-171.5625,669.3628
35.137612,153.3750,-629.0625,-170.8125,669.6420
35.162550,154.1250,-628.6250,-170.5000,669.3237
35.188049,153.8750,-628.6250,-171.1250,669.4256
35.212332,153.9375,-629.1875,-171.3125,670.0161
35.238078,153.6875,-628.7500,-171.0625,669.4840
35.263632,153.5625,-629.1875,-171.5000,669.9781
35.287834,153.9375,-628.7500,-171.0625,669.5414
35.312498,153.5000,-628.8125,-170.9375,669.4677
35.337812,153.0000,-628.6875,-171.4375,669.3637
35.363005,154.2500,-628.9375,-171.1250,669.8054
35.387378,152.7500,-628.9375,-170.9375,669.4136
35.412562,153.6875,-628.9375,-171.3125,669.7240
35.438154,154.5625,-628.6875,-171.1875,669.6586
35.462841,153.8125,-628.5625,-171.8125,669.5287
35.487524,153.4375,-628.9375,-171.6250,669.7467
35.512831,154.1875,-628.6875,-170.8750,669.4924
35.538100,153.7500,-628.9375,-170.8125,669.6106
35.562672,153.3125,-628.9375,-171.1875,669.6060
35.587770,153.6875,-628.8750,-171.0625,669.6014
35.614015,153.6875,-628.6875,-171.6250,669.5692
35.637424,154.0000,-629.0000,-172.1250,670.0627
35.662671,154.0000,-628.4375,-171.5625,669.3903
35.687945,154.8125,-628.8125,-170.7500,669.7221
35.713628,153.9375,-628.9375,-171.5000,669.8294
35.737696,154.5625,-629.3750,-170.8750,670.2244
35.763259,153.9375,-629.3750,-169.3750,669.6996
35.788364,153.6875,-628.6250,-169.8125,669.0482
35.813330,154.2500,-629.1250,-171.6875,670.1253
35.837976,153.3750,-629.0625,-170.8125,669.6420
35.864294,154.0000,-628.8750,-170.6875,669.5775
35.888264,153.8750,-628.5625,-171.6875,669.5110
35.913509,153.2500,-628.8750,-171.4375,669.5970
35.939479,153.3750,-628.6875,-170.8125,669.2898
35.962799,153.1875,-629.0000,-171.5000,669.7161
35.988221,153.6875,-628.8750,-171.8125,669.7934
36.012996,154.4375,-628.6875,-171.0625,669.5979
36.037982,153.3125,-628.6250,-171.8125,669.4727
36.062920,154.0000,-628.8750,-171.1250,669.6891
36.087539,153.8750,-628.6875,-171.1250,669.4843
36.113301,153.6250,-628.3750,-170.5000,668.9739
36.137669,153.4375,-628.7500,-170.7500,669.3468
36.163053,153.3750,-628.6250,-170.9375,669.2630
36.187862,153.1250,-628.6875,-170.9375,669.2644
36.213121,154.0625,-628.3750,-171.6250,669.3620
36.237950,153.3750,-628.9375,-170.5000,669.4449
36.263263,153.3125,-628.6875,-171.1875,669.3712
36.288751,154.0000,-629.5000,-170.5000,670.1168
36.312867,153.7500,-628.8750,-171.2500,669.6636
36.338260,153.6250,-628.9375,-170.5000,669.5023
36.363188,153.8750,-628.5625,-169.3125,668.9059
36.389091,153.5000,-628.8125,-171.4375,669.5956
36.413049,154.0625,-628.6875,-171.1875,669.5434
36.438602,153.2500,-628.9375,-170.5000,669.4163
36.465149,153.8125,-628.8125,-170.8750,669.5235
36.489119,153.8750,-628.7500,-170.8125,669.4632
36.513429,153.9375,-628.8750,-170.0000,669.3882
36.539062,154.1250,-629.0000,-170.8125,669.7555
36.563521,153.6875,-629.0000,-170.8750,669.6709
36.588094,153.5000,-628.7500,-171.1250,669.4569
36.613251,153.3125,-628.8750,-170.7500,669.4356
36.638304,153.5000,-628.8750,-170.5000,669.4149
36.662972,152.8125,-628.6250,-171.8125,669.3583
36.687988,153.6875,-629.3125,-171.5000,670.1241
36.713885,154.1875,-629.0625,-171.6250,670.0362
36.737924,154.0000,-628.5000,-171.6875,669.4810
36.763451,153.1250,-629.0000,-171.8750,669.7979
36.788802,153.4375,-629.1250,-170.8750,669.7310
36.813035,153.6250,-628.6875,-170.9375,669.3790
36.838758,153.6250,-628.8750,-170.6875,669.4913
36.863094,153.3125,-628.8125,-170.8750,669.4088
36.888930,154.0000,-628.6250,-170.9375,669.4065
36.913153,154.0625,-628.7500,-171.3125,669.6341
36.938221,153.2500,-628.3750,-170.9375,668.9995
36.963876,153.0625,-628.8125,-171.5000,669.5114
36.988766,154.4375,-628.5625,-172.2500,669.7849
37.013430,153.8125,-628.9375,-170.5625,669.5612
37.039121,153.3750,-628.8125,-171.6875,669.6310
37.062957,154.1875,-628.6250,-170.8750,669.4337
37.088296,154.6250,-629.2500,-170.6875,670.0736
37.113284,154.6250,-628.5625,-171.1250,669.5397
37.138643,153.7500,-628.5625,-170.6875,669.2265
37.163337,153.4375,-628.8750,-171.3125,669.6079
37.188260,154.1875,-628.8125,-170.3125,669.4664
37.213767,153.3750,-628.8750,-171.2500,669.5776
37.238216,154.3750,-628.7500,-170.8125,669.5783
37.263228,153.8125,-628.9375,-170.8750,669.6409
37.288989,153.9375,-629.2500,-170.4375,669.8517
37.313786,153.3750,-628.5000,-171.4375,669.2735
37.338985,154.1875,-628.5625,-171.1875,669.4548
37.363959,153.2500,-628.6875,-170.6875,669.2292
37.388776,154.1250,-629.0625,-170.5000,669.7346
37.413320,153.7500,-628.5000,-171.2500,669.3115
37.438010,153.7500,-629.0625,-171.1250,669.8078
37.463600,153.3750,-629.0000,-170.9375,669.6152
37.488212,154.1250,-628.6875,-170.9375,669.4939
37.513021,154.1875,-628.7500,-171.8125,669.7909
37.538752,153.2500,-628.5000,-170.3750,668.9734
37.563346,152.5625,-628.4375,-170.8750,668.8851
37.588444,154.1875,-628.2500,-170.8750,669.0815
37.614418,154.3125,-628.6875,-171.0625,669.5690
37.638120,154.1250,-628.7500,-171.2500,669.6325
37.663365,154.0625,-628.6250,-171.3125,669.5167
37.688520,154.5625,-628.4375,-171.5000,669.5039
37.714569,154.1250,-628.9375,-171.1250,669.7766
37.738581,153.6250,-628.0000,-171.1250,668.7813
37.763275,154.5000,-628.8125,-170.3750,669.5544
37.792287,153.5000,-628.7500,-170.8125,669.3771
37.813888,153.8750,-628.8750,-170.1875,669.4214
37.838837,153.7500,-628.3125,-171.1250,669.1034
37.863544,154.0625,-628.7500,-171.5000,669.6821
37.889865,154.3125,-628.5000,-171.0625,669.3930
37.914118,153.5000,-628.4375,-171.1250,669.1634
37.939181,154.1250,-628.3125,-171.2500,669.2217
37.964792,153.2500,-628.8750,-170.9375,669.4692
37.988316,154.1875,-628.8125,-170.4375,669.4982
38.013641,153.7500,-628.2500,-170.3750,668.8533
38.039345,153.5000,-628.8750,-170.1875,669.3353
38.063240,154.0000,-628.1250,-169.9375,668.6821
38.088789,153.7500,-628.5625,-171.4375,669.4182
38.113826,154.1250,-628.7500,-170.5000,669.4411
38.138648,153.8750,-628.5625,-171.4375,669.4469
38.163359,153.5000,-628.8125,-171.1250,669.5156
38.189141,153.7500,-628.8750,-170.5000,669.4722
38.213206,153.8750,-628.6875,-171.4375,669.5643
38.238542,153.7500,-628.8750,-171.1250,669.6317
38.263820,154.2500,-629.2500,-170.5000,669.9395
38.289693,153.5000,-629.1250,-171.5625,669.9210
38.313953,153.9375,-629.0000,-171.0625,669.7762
38.338591,153.6250,-628.6250,-170.8125,669.2884
38.364427,153.7500,-628.8125,-170.5000,669.4135
38.388964,153.8125,-628.8750,-171.6250,669.7740
38.413615,154.5625,-628.2500,-170.7500,669.1362
38.439620,154.1250,-628.9375,-170.1875,669.5377
38.463948,153.4375,-628.9375,-171.5000,669.7146
38.488620,154.5625,-628.8750,-171.9375,670.0267
38.514687,154.3750,-629.2500,-170.8125,670.0478
38.539852,154.3750,-628.9375,-170.8125,669.7544
38.563808,153.8125,-628.6250,-171.1875,669.4272
38.588539,153.9375,-628.5625,-171.6250,669.5093
38.613985,154.2500,-628.6250,-170.8125,669.4321
38.638896,154.0625,-628.8750,-171.3125,669.7514
38.663604,153.5625,-628.5000,-170.7500,669.1407
38.688460,153.4375,-629.1250,-171.3125,669.8427
38.713885,153.8125,-628.7500,-170.8750,669.4648
38.738689,153.6875,-628.8750,-171.1875,669.6333
38.764196,154.5000,-628.5625,-171.2500,669.5429
38.789717,154.3125,-628.8750,-170.3125,669.5539
38.813677,153.6875,-628.8125,-171.3125,669.6066
38.839637,153.3125,-628.8750,-170.8750,669.4675
38.864982,153.6875,-629.5000,-172.3750,670.5246
38.888681,153.9375,-628.8750,-171.1875,669.6907
38.914098,154.1250,-628.5000,-170.3750,669.1744
38.939644,154.3125,-629.0000,-171.5000,669.9743
38.963700,154.3750,-629.3125,-170.8125,670.1065
38.988969,154.3125,-628.8125,-170.4375,669.5270
39.013954,153.5000,-628.8750,-171.1250,669.5743
39.039704,154.1875,-628.6875,-170.3125,669.3490
39.063769,154.1875,-628.5000,-171.0625,669.3642
39.090043,154.5000,-629.1250,-170.8125,669.9593
39.114479,154.1250,-628.8125,-171.5625,669.7711
39.138996,154.5625,-628.9375,-171.5000,669.9733
39.163592,154.5625,-628.5625,-170.8750,669.4615
39.189801,153.3750,-628.5000,-171.4375,669.2735
39.214200,154.1875,-628.6875,-171.0625,669.5402
39.238761,154.3750,-628.6250,-170.6875,669.4291
39.264909,154.3125,-628.7500,-170.5625,669.5002
39.289511,153.7500,-629.0000,-171.8750,669.9411
39.314757,153.8750,-628.5000,-170.8125,669.2284
39.340125,153.9375,-629.1875,-170.4375,669.7930
39.364262,154.6250,-629.1875,-170.8125,670.0468
39.389480,153.6250,-628.3750,-171.5625,669.2455
39.414845,153.8125,-629.0000,-170.0000,669.4769
39.439322,154.5625,-629.0625,-170.8750,669.9309
39.464210,154.4375,-628.5000,-170.7500,669.3420
39.490531,154.1875,-628.6875,-171.3125,669.6042
39.514044,154.1250,-628.7500,-170.5000,669.4411
39.539650,154.3750,-628.8750,-171.4375,669.8554
39.566024,153.6875,-628.5000,-170.3125,669.0579
39.589762,154.4375,-628.5000,-171.1875,669.4538
39.614381,153.5625,-628.6250,-172.2500,669.6424
39.640427,154.3125,-628.6875,-170.4375,669.4096
39.664673,154.3125,-628.7500,-172.0625,669.8839
39.689093,154.1875,-628.8750,-170.5625,669.5888
39.714310,154.0625,-628.8125,-171.5000,669.7407
39.740122,153.7500,-628.6875,-170.5000,669.2961
39.764369,154.1875,-629.2500,-170.7500,669.9887
39.789225,154.1250,-629.0000,-171.1250,669.8353
39.814783,154.3125,-628.3750,-170.5625,669.1480
39.839744,153.6250,-628.0625,-170.8125,668.7601
39.864893,154.5000,-628.6875,-171.2500,669.6602
39.889153,153.8750,-629.1250,-170.5000,669.7358
39.914910,153.9375,-628.4375,-170.8750,669.2001
39.939587,153.7500,-628.9375,-171.1250,669.6904
39.964334,154.1875,-628.6250,-170.5625,669.3540
39.990295,154.3750,-628.5000,-170.1875,669.1843
40.013994,154.2500,-628.7500,-171.1250,669.6293
40.039726,154.8750,-629.1250,-170.6875,670.0140
40.064590,154.3750,-628.8125,-170.1875,669.4778
40.089646,153.5625,-628.5000,-170.1250,668.9815
40.114200,154.1250,-628.6250,-171.2500,669.5151
40.139584,154.0000,-629.1250,-170.6875,669.8123
40.165328,154.1250,-628.8750,-171.8750,669.9099
40.189222,153.6250,-628.5000,-170.9375,669.2029
40.214990,153.8750,-628.2500,-171.4375,669.1535
40.240116,154.4375,-628.8125,-170.5625,669.5877
40.265216,153.6250,-628.6875,-170.9375,669.3790
40.289369,154.1250,-629.1875,-171.8750,670.2033
40.314372,154.5000,-629.2500,-170.3750,669.9653
40.340418,154.6250,-628.5625,-171.8750,669.7318
40.364792,153.8125,-629.1250,-171.8125,670.0568
40.389207,153.5000,-628.7500,-171.1250,669.4569
40.415581,153.8125,-628.5625,-171.1875,669.3686
40.439243,154.2500,-628.3750,-171.1250,669.2772
40.465034,154.0625,-628.6875,-170.7500,669.4317
40.490268,154.0000,-628.9375,-171.1250,669.7478
40.515286,154.1250,-628.3125,-171.6875,669.3338
40.539708,153.7500,-628.9375,-171.4375,669.7703
40.565566,154.5000,-628.8125,-171.5625,669.8575
40.590385,154.0625,-628.3125,-171.6250,669.3034
40.614253,154.0000,-628.5000,-170.8125,669.2572
40.640362,154.5000,-628.6250,-171.4375,669.6495
40.665298,153.7500,-628.6250,-170.9375,669.3490
40.689206,154.2500,-628.5000,-170.5000,669.2351
40.714418,154.2500,-629.0000,-171.6875,670.0080
40.739343,153.4375,-628.8125,-170.4375,669.3259
40.764320,153.2500,-628.0625,-171.1250,668.7539
40.789696,153.6875,-628.5625,-171.5000,669.4198
40.815300,154.1250,-628.6875,-170.8125,669.4620
40.840026,154.3125,-628.9375,-170.8750,669.7559
40.864958,154.1250,-629.3750,-171.4375,670.2673
40.890440,154.1875,-627.8750,-171.3125,668.8414
40.914438,154.8125,-628.5000,-171.9375,669.7325
40.939937,154.3750,-628.9375,-170.9375,669.7863
40.965419,154.5000,-628.5625,-170.8125,669.4311
40.989544,154.0000,-627.8750,-171.5625,668.8622
41.015037,154.5625,-628.6875,-171.6250,669.7706
41.040278,154.2500,-629.1875,-171.4375,670.1200
41.064786,154.6250,-629.0000,-171.5625,670.0624
41.089800,154.0000,-628.8125,-172.4375,669.9671
41.115547,154.0000,-628.8750,-171.5625,669.8011
41.141041,154.6875,-628.9375,-171.1875,669.9222
41.164974,153.8125,-628.5625,-171.8125,669.5287
41.189603,154.2500,-628.8125,-170.6875,669.5763
41.214539,154.7500,-628.5000,-170.9375,669.4621
41.239935,154.1250,-629.3750,-171.4375,670.2673
41.264368,154.5000,-628.1875,-170.5000,668.9993
41.289689,154.1875,-629.0000,-171.1875,669.8656
41.314458,155.0625,-629.1875,-170.5625,670.0842
41.339910,153.6250,-628.6250,-171.1250,669.3682
41.364584,154.8125,-628.8125,-170.3125,669.6106
41.390252,154.3750,-628.5000,-171.1250,669.4234
41.415694,154.3750,-628.9375,-170.1875,669.5953
41.439864,154.9375,-628.5625,-171.0625,669.5960
41.465141,154.1250,-629.0625,-170.9375,669.8461
41.490438,154.0000,-628.5000,-171.2500,669.3690
41.514816,154.0000,-628.9375,-172.3125,670.0522
41.540300,154.8750,-628.7500,-171.8750,669.9656
41.566076,154.5000,-628.8125,-171.2500,669.7776
41.589819,154.6875,-628.6250,-171.1875,669.6288
41.614678,154.0000,-629.0625,-171.6875,670.0091
41.640990,154.1250,-629.0000,-171.2500,669.8672
41.665197,153.7500,-628.8125,-171.6875,669.7170
41.689750,154.3125,-628.8125,-171.1875,669.7183
41.714911,154.6250,-629.1875,-170.1875,669.8877
41.740356,154.0000,-628.5625,-172.0000,669.6199
41.764800,153.8125,-628.3750,-171.6250,669.3045
41.790208,154.2500,-628.5625,-170.6875,669.3415
41.816856,154.3750,-628.5625,-171.2500,669.5140
41.839732,154.2500,-628.7500,-170.6875,669.5176
41.864844,154.3750,-628.8750,-171.6875,669.9194
41.890025,153.8750,-629.3750,-170.5000,669.9706
41.915607,154.0625,-629.0000,-171.3125,669.8688
41.940111,154.2500,-628.9375,-171.5625,669.9173
41.965547,154.3125,-629.1250,-171.1875,670.0118
41.990785,154.2500,-628.2500,-172.3125,669.4645
42.014932,154.1250,-628.5000,-172.1250,669.6221
42.040441,154.5000,-629.1875,-171.8750,670.2896
42.065491,155.3750,-628.8750,-171.2500,670.0386
42.089873,154.5625,-628.3125,-169.3750,668.8453
42.116108,154.1875,-628.2500,-170.7500,669.0496
42.140236,154.7500,-628.8750,-171.2500,669.8939
42.164949,153.5000,-628.7500,-172.0000,669.6811
42.190201,154.0625,-628.6875,-171.3125,669.5754
42.216379,155.2500,-628.0000,-171.4375,669.2364
42.240178,155.1250,-628.3125,-170.5000,669.2612
42.264857,154.6250,-628.6875,-171.4375,669.7370
42.290452,154.0625,-628.3750,-171.6250,669.3620
42.315882,154.4375,-628.3750,-170.5625,669.1768
42.340155,154.7500,-628.1875,-171.2500,669.2486
42.365257,154.1250,-629.0625,-170.8125,669.8142
42.390958,153.8125,-628.5625,-170.8750,669.2887
42.414993,154.1875,-628.5000,-170.7500,669.2844
42.440565,154.3750,-628.7500,-171.4375,669.7380
42.464958,154.1875,-628.8125,-171.5000,669.7695
42.490047,154.2500,-628.6250,-171.1250,669.5119
42.515064,155.1250,-628.3750,-170.6875,669.3677
42.540849,154.5000,-628.4375,-170.6875,669.2818
42.565681,154.5625,-628.0000,-171.5000,669.0933
42.590085,154.0625,-628.3125,-170.1250,668.9203
42.615345,154.8750,-628.6250,-171.4375,669.7361
42.640365,153.9375,-628.8125,-171.1875,669.6320
42.665220,154.3125,-628.8750,-170.7500,669.6653
42.690364,154.0000,-628.5625,-170.9375,669.3478
42.715894,154.6250,-628.8125,-171.4375,669.8544
42.740679,154.4375,-628.3750,-171.9375,669.5286
42.765143,153.6875,-628.1250,-171.0625,668.8970
42.792090,154.3125,-628.7500,-171.0625,669.6277
42.815288,153.5000,-629.1250,-170.8125,669.7294
42.840509,154.2500,-628.6875,-171.1250,669.5706
42.865368,153.5000,-628.9375,-171.1250,669.6330
42.890464,153.8750,-628.8125,-170.6875,669.4900
42.915173,154.3125,-628.7500,-171.5000,669.7396
42.940177,153.9375,-628.8125,-171.9375,669.8242
42.965656,153.7500,-628.5000,-171.2500,669.3115
42.990307,153.8750,-629.0000,-170.8125,669.6980
43.015118,154.0000,-628.6875,-171.4375,669.5930
43.040503,153.8750,-628.1875,-171.2500,669.0468
43.065566,154.3125,-629.3125,-172.0625,670.4119
43.089964,153.5000,-628.6250,-171.4375,669.4195
43.115596,153.8750,-628.3750,-171.4375,669.2709
43.140325,154.0625,-628.8125,-171.1875,669.6608
43.165134,153.5625,-628.6250,-171.5000,669.4498
43.190075,154.5000,-628.0625,-171.4375,669.1215
43.216088,154.5000,-628.7500,-171.1250,669.6869
43.240442,154.8125,-629.0000,-171.3125,670.0417
43.265568,154.8750,-628.4375,-171.1250,669.4802
43.291206,154.5000,-628.3125,-170.5000,669.1167
43.315722,154.3750,-628.5000,-171.4375,669.5033
43.340854,154.0000,-629.0000,-170.3750,669.6153
43.365569,154.3750,-629.1875,-172.4375,670.4053
43.390393,153.3125,-628.4375,-170.7500,669.0246
43.415440,154.3750,-628.9375,-170.6875,669.7225
43.440858,153.9375,-628.3125,-170.3125,668.9392
43.465331,154.1250,-629.0625,-170.3750,669.7028
43.490567,154.1875,-628.4375,-171.3125,669.3694
43.515437,154.8750,-628.8750,-170.6875,669.7793
43.540081,154.0625,-628.8125,-170.4375,669.4695
43.565471,153.7500,-628.6250,-170.6875,669.2852
43.590403,154.6875,-628.1875,-170.8750,669.1383
43.616772,155.0000,-628.5625,-171.5625,669.7384
43.640711,154.8750,-628.9375,-171.1250,669.9496
43.666135,155.3750,-628.5625,-171.1250,669.7134
43.691366,153.9375,-628.9375,-171.1875,669.7494
43.715568,154.5000,-628.8125,-170.5000,669.5862
43.742043,154.1875,-628.8125,-170.3125,669.4664
43.766047,155.1875,-628.1875,-170.3125,669.1106
43.790860,154.3125,-628.2500,-170.8750,669.1104
43.816498,154.3125,-628.6250,-170.5625,669.3828
43.841124,153.9375,-628.6250,-170.8750,669.3761
43.865190,154.1875,-628.4375,-170.5625,669.1779
43.891399,153.6250,-628.7500,-170.3750,669.2943
43.915291,154.3125,-628.3125,-171.5000,669.3289
43.940592,154.0625,-628.6875,-170.5625,669.3839
43.965848,154.1875,-628.3750,-171.6250,669.3908
43.990645,154.5625,-628.5625,-171.0625,669.5093
44.015479,153.9375,-628.3750,-171.6250,669.3333
44.040737,153.4375,-628.6250,-172.0625,669.5655
44.065943,153.2500,-628.8750,-171.8750,669.7091
44.090478,153.9375,-628.1250,-171.5000,669.0665
44.115953,154.0625,-628.5000,-170.5625,669.2078
44.141369,154.4375,-628.6250,-171.3125,669.6031
44.166222,155.3125,-628.8750,-171.8125,670.1681
44.191135,153.9375,-628.8125,-171.3125,669.6640
44.216920,154.0000,-629.0625,-171.1250,669.8652
44.241111,154.1875,-628.5000,-171.5000,669.4761
44.266466,153.8125,-628.3125,-171.1875,669.1338
44.291930,153.6875,-629.1250,-171.6250,669.9800
44.316047,154.3750,-628.2500,-170.6875,669.0769
44.340620,155.0625,-628.5000,-170.4375,669.4069
44.366607,154.6250,-628.6250,-170.1875,669.3594
44.390881,154.6250,-628.5000,-172.0000,669.7053
44.415779,154.2500,-628.4375,-170.8125,669.2561
44.440849,154.5625,-629.1875,-171.9375,670.3201
44.465344,154.1250,-629.1250,-171.1250,669.9526
44.490614,154.2500,-628.6250,-171.1250,669.5119
44.516053,153.9375,-628.6250,-170.0000,669.1533
44.542151,153.7500,-628.4375,-170.9375,669.1729
44.565918,154.6250,-629.1875,-171.6875,670.2704
44.591084,154.0000,-628.6250,-170.6875,669.3427
44.616349,153.6250,-628.3125,-170.9375,669.0268
44.640709,155.3750,-628.1875,-171.6875,669.5054
44.665707,154.8125,-628.9375,-170.8750,669.8713
44.690950,154.2500,-628.6250,-171.2500,669.5439
44.715725,153.6250,-628.0625,-170.9375,668.7920
44.740843,154.5000,-628.6875,-171.1250,669.6282
44.765586,154.2500,-628.4375,-171.2500,669.3678
44.791098,154.8125,-628.6875,-170.8750,669.6366
44.815841,154.7500,-628.2500,-171.1250,669.2753
44.841258,154.7500,-628.5625,-171.4375,669.6486
44.865834,154.6875,-628.2500,-171.1875,669.2768
44.891079,154.0625,-628.7500,-171.0625,669.5702
44.917099,154.0000,-628.6875,-170.5000,669.3536
44.940790,154.3750,-628.5625,-171.5625,669.5940
44.965812,154.3750,-628.8125,-170.0625,669.4461
44.992309,154.5000,-629.1875,-170.6875,669.9861
45.015798,153.5000,-628.6875,-171.4375,669.4782
45.040938,153.8125,-628.5000,-170.5625,669.1503
45.066446,153.7500,-629.0000,-171.5625,669.8610
45.091664,154.8750,-628.6250,-171.6875,669.8002
45.116014,154.1250,-629.0000,-171.6875,669.9792
45.141163,154.1875,-628.3750,-170.5625,669.1192
45.166788,155.0000,-628.6250,-172.4375,670.0217
45.191812,153.7500,-629.0000,-171.2500,669.7810
45.216982,154.3750,-628.3750,-170.5000,669.1465
45.241333,154.4375,-628.3125,-172.0625,669.5021
45.266789,154.2500,-628.7500,-171.8750,669.8213
45.291035,153.9375,-629.1250,-171.1875,669.9255
45.317233,154.7500,-629.0000,-171.4375,670.0592
45.340844,154.5000,-628.3750,-170.9375,669.2869
45.365972,154.6250,-628.8125,-171.2500,669.8064
45.391635,154.1875,-628.5625,-171.9375,669.6470
45.416872,154.2500,-629.1250,-170.8125,669.9017
45.441039,155.0625,-628.3125,-172.2500,669.6947
45.466429,154.2500,-629.1875,-171.6875,670.1840
45.492116,153.2500,-628.8750,-171.1250,669.5171
45.516273,153.9375,-628.3750,-171.6250,669.3333
45.541134,154.5625,-628.7500,-170.4375,669.5260
45.566206,154.2500,-628.6250,-171.6875,669.6559
45.591322,153.8125,-629.1875,-171.8125,670.1155
45.616041,153.8750,-628.6250,-171.6875,669.5696
45.641330,154.2500,-628.8750,-171.1250,669.7467
45.666433,155.0000,-628.8125,-171.4375,669.9410
45.691059,154.3125,-628.8750,-171.3125,669.8090
45.716324,154.6250,-628.5625,-170.6875,669.4281
45.742015,154.4375,-628.5625,-171.0625,669.4805
45.766824,154.1875,-628.4375,-171.1875,669.3375
45.791376,154.1250,-628.5000,-171.4375,669.4457
45.817350,154.0625,-628.3125,-172.3750,669.4961
45.840839,154.2500,-628.4375,-171.2500,669.3678
45.866369,153.4375,-628.8750,-172.5000,669.9127
45.891262,155.1250,-628.5625,-171.1250,669.6554
45.915903,154.1250,-628.7500,-172.4375,669.9371
45.941186,154.1875,-628.2500,-171.5000,669.2414
45.966280,154.2500,-628.5000,-170.9375,669.3467
45.991435,154.7500,-628.8125,-171.2500,669.8353
46.016137,155.8750,-628.3125,-170.9375,669.5470
46.041371,154.3125,-628.1875,-172.0625,669.3559
46.067418,154.5625,-628.2500,-171.9375,669.4402
46.091352,154.6250,-628.3750,-171.4375,669.4437
46.116686,154.5625,-628.3125,-172.3750,669.6113
46.142607,154.8750,-628.5625,-170.8125,669.5177
46.167248,154.3125,-628.8750,-171.1875,669.7770
46.192263,153.8125,-628.8125,-172.0625,669.8276
46.216995,154.3750,-628.6250,-170.9375,669.4928
46.241655,154.6250,-629.0000,-171.4375,670.0304
46.266131,155.4375,-628.6250,-172.2500,670.0748
46.291593,154.5000,-628.5625,-171.5625,669.6228
46.316600,154.3125,-628.3750,-171.6250,669.4196
46.341202,155.0000,-628.5625,-170.5000,669.4670
46.366315,154.8750,-628.2500,-170.8125,669.2244
46.391660,154.5000,-628.6875,-171.6875,669.7722
46.416315,154.0000,-628.8125,-170.9375,669.5825
46.441398,153.7500,-628.6250,-171.6875,669.5409
46.468400,155.1875,-629.1250,-171.6250,670.3257
46.491165,153.8125,-628.9375,-172.0625,669.9449
46.516635,154.4375,-628.4375,-171.5000,669.4751
46.541426,155.1875,-628.3750,-170.7500,669.3981
46.566451,155.0000,-627.9375,-171.1250,669.0398
46.591112,154.8750,-628.1250,-171.6875,669.3309
46.616459,155.1250,-628.5000,-171.4375,669.6767
46.641675,154.1875,-628.7500,-170.8750,669.5511
46.667225,154.6250,-628.1875,-172.0000,669.4120
46.691423,154.2500,-629.0000,-171.5625,669.9759
46.716470,153.9375,-628.3750,-170.8750,669.1414
46.742746,154.0625,-628.8125,-171.1875,669.6608
46.766767,154.8125,-628.6250,-171.0625,669.6258
46.791839,154.1875,-628.6250,-170.1250,669.2426
46.817450,154.8125,-628.4375,-170.1250,669.2108
46.842092,154.7500,-628.0000,-171.4375,669.1206
46.866550,153.3750,-628.5000,-171.5625,669.3055
46.892116,154.1250,-628.7500,-170.8125,669.5207
46.916742,154.8125,-628.2500,-171.0625,669.2737
46.941477,154.5000,-628.5625,-171.4375,669.5908
46.966407,154.8750,-628.4375,-170.6875,669.3685
46.992342,154.5625,-628.3125,-171.8125,669.4667
47.016419,153.7500,-628.6250,-170.3750,669.2056
47.042190,154.2500,-629.0625,-170.8125,669.8430
47.067145,154.0000,-628.0625,-171.4375,669.0062
47.092539,154.5000,-628.7500,-170.9375,669.6390
47.116988,153.5625,-628.6250,-170.4375,669.1784
47.142176,154.3750,-628.5000,-170.3750,669.2320
47.167420,154.0625,-629.0625,-171.0625,669.8636
47.191906,153.8125,-628.1250,-170.7500,668.8459
47.216956,155.0625,-628.6875,-170.5625,669.6148
47.242682,154.0000,-628.8750,-171.8750,669.8812
47.266437,154.5000,-628.0625,-171.1250,669.0415
47.292195,154.6250,-628.9375,-171.4375,669.9717
47.317222,154.4375,-628.7500,-170.5625,669.5290
47.341629,154.6875,-628.3750,-170.7500,669.2824
47.366704,155.1875,-628.2500,-171.1875,669.3925
47.391664,154.9375,-628.7500,-171.1875,669.8040
47.416774,154.8125,-628.6250,-170.4375,669.4664
47.441585,153.8125,-628.9375,-170.8750,669.6409
47.466987,154.0625,-628.5625,-170.7500,669.3143
47.492326,154.4375,-628.4375,-171.1875,669.3951
47.516659,154.1250,-629.0625,-172.0000,670.1180
47.542351,155.3750,-628.5625,-172.0000,669.9375
47.567371,154.5000,-628.1250,-172.4375,669.4370
47.592433,155.1250,-629.1875,-171.5625,670.3539
47.616868,154.7500,-628.6875,-170.5000,669.5265
47.642610,154.2500,-628.5625,-171.5625,669.5652
47.667797,154.9375,-628.8750,-170.5625,669.7619
47.691940,154.8125,-628.5000,-172.0625,669.7646
47.716866,155.3750,-628.6250,-171.2500,669.8040
47.741812,154.6250,-629.0000,-172.0000,670.1745
47.767867,155.0000,-628.5000,-172.3125,669.8723
47.793930,154.8125,-628.8750,-172.2500,670.1647
47.819211,154.8125,-628.0625,-171.9375,669.3220
47.843937,154.5625,-629.1250,-171.1875,670.0694
47.866984,154.1250,-628.6875,-171.8750,669.7339
47.892452,154.5625,-628.5000,-171.1875,669.4826
47.919112,154.8750,-628.9375,-171.1250,669.9496
47.943287,154.7500,-628.8125,-172.1250,670.0595
47.967618,155.0000,-628.9375,-171.5625,670.0903
47.993732,154.4375,-628.6875,-171.5000,669.7098
48.018137,154.2500,-627.9375,-172.1250,669.1230
48.042078,155.3750,-628.9375,-171.5625,670.1772
48.067404,153.8125,-628.4375,-172.0625,669.4755
48.092009,154.1875,-628.6250,-171.3125,669.5455
48.117179,154.2500,-628.0625,-171.1250,668.9838
48.142382,154.0625,-628.4375,-171.5000,669.3887
48.167549,154.1875,-628.6875,-171.5000,669.6522
48.193108,153.6875,-628.8125,-171.1875,669.5746
48.217020,154.3750,-628.6250,-170.1875,669.3017
48.242339,154.8750,-628.8125,-170.9375,669.7843
48.267232,154.3125,-628.7500,-171.8125,669.8197
48.293393,154.6875,-628.4375,-170.0000,669.1501
48.317854,154.6875,-628.6250,-171.5000,669.7088
48.343334,154.3750,-628.5625,-172.3125,669.7866
48.367739,154.4375,-628.1250,-171.1875,669.1017
48.392100,155.0625,-628.8750,-171.0625,669.9183
48.417360,154.4375,-628.4375,-170.1250,669.1242
48.442946,154.9375,-628.3750,-171.0625,669.4200
48.466946,154.1250,-628.2500,-170.3750,668.9396
48.492342,154.8125,-629.1250,-170.7500,670.0155
48.517577,154.0625,-628.8125,-172.0625,669.8850
48.542257,153.8750,-628.3750,-170.9375,669.1429
48.567776,153.7500,-628.1250,-170.9375,668.8794
48.592757,154.3125,-628.8750,-171.5000,669.8570
48.616744,154.3125,-628.4375,-171.9375,669.5585
48.642774,153.9375,-628.3750,-172.3750,669.5260
48.668152,154.1875,-628.1875,-170.3125,668.8794
48.692553,154.2500,-628.5625,-171.2500,669.4852
48.717870,154.5000,-628.8125,-170.9375,669.6977
48.742770,154.6875,-628.7500,-171.9375,669.9383
48.768030,154.5000,-628.9375,-170.9375,669.8151
48.792208,154.1875,-628.3125,-171.3125,669.2521
48.817315,155.2500,-628.6875,-172.4375,670.1382
48.843194,154.5625,-628.5625,-171.5000,669.6213
48.867141,155.4375,-628.6875,-170.4375,669.6699
48.892746,154.6250,-628.4375,-172.0000,669.6466
48.918002,154.9375,-629.0000,-171.0625,670.0067
48.943147,154.0625,-628.6875,-171.5000,669.6234
48.967691,154.5000,-628.4375,-171.2500,669.4255
48.993151,154.5625,-628.4375,-171.0625,669.3920
49.019114,154.2500,-628.5000,-172.6250,669.7796
49.043836,154.9375,-628.4375,-171.5000,669.5906
49.068400,154.1250,-628.5625,-170.9375,669.3765
49.092983,154.7500,-628.8750,-170.9375,669.8141
49.118094,153.8125,-628.3750,-170.4375,669.0010
49.142232,155.0000,-628.5000,-170.6875,669.4561
49.168036,154.3125,-628.6250,-171.1875,669.5423
49.192572,154.1875,-628.5625,-171.5000,669.5348
49.217536,155.1875,-628.0625,-170.7500,669.1048
49.242448,154.4375,-628.3750,-171.5000,669.4164
49.268050,154.2500,-628.6875,-172.1250,669.8269
49.292681,154.6875,-628.5000,-171.6250,669.6235
49.317471,154.8750,-628.2500,-171.2500,669.3362
49.342797,154.5000,-628.8125,-170.9375,669.6977
49.368755,153.5000,-628.5000,-171.2500,669.2541
49.392264,154.7500,-628.4375,-171.2500,669.4832
49.417811,154.3125,-628.3125,-170.0000,668.9461
49.442544,154.5000,-628.5625,-170.8125,669.4311
49.468278,154.7500,-628.1250,-171.5625,669.2700
49.492579,154.0625,-628.6250,-171.3125,669.5167
49.518038,154.5625,-628.9375,-171.3125,669.9253
49.544024,154.1875,-628.4375,-170.0000,669.0347
49.567565,155.1250,-629.1875,-170.6875,670.1305
49.593051,154.0625,-628.4375,-170.3125,669.0854
49.618432,154.3125,-628.6250,-171.0625,669.5104
49.642591,154.6250,-628.6250,-171.1250,669.5984
49.667765,154.6250,-628.6250,-171.1250,669.5984
49.693069,154.1250,-628.6875,-171.5625,669.6538
49.717822,154.1875,-628.0000,-171.5000,669.0068
49.742842,154.5000,-628.3125,-171.2500,669.3082
49.770704,154.3750,-628.8125,-171.1250,669.7168
49.799721,154.3750,-628.5625,-170.8125,669.4022
49.819758,154.6250,-628.6875,-170.8125,669.5773
49.845100,154.0000,-628.6875,-171.2500,669.5450
49.869748,154.5000,-628.5625,-171.6875,669.6549
49.894796,154.9375,-629.0625,-171.3125,670.1293
49.920260,154.9375,-628.6250,-171.0625,669.6547
49.945544,154.3125,-628.1250,-171.0625,669.0409
49.970673,153.4375,-628.1875,-171.6250,669.0424
49.995173,153.6875,-628.0000,-171.5000,668.8917
50.019750,154.3125,-628.0625,-171.1875,669.0142
